(kicad_pcb (version 20171130) (host pcbnew 5.1.9-73d0e3b20d~88~ubuntu18.04.1)

  (general
    (thickness 1.6)
    (drawings 51)
    (tracks 122)
    (zones 0)
    (modules 191)
    (nets 232)
  )

  (page A4)
  (layers
    (0 "F.Cu_(sig)" signal)
    (1 "In1.Cu_(power)" signal)
    (2 "In2.Cu_(gnd)" signal)
    (3 In3.Cu signal)
    (4 In4.Cu signal)
    (31 "B.Cu_(sig)" signal)
    (32 B.Adhes user)
    (33 F.Adhes user)
    (34 B.Paste user)
    (35 F.Paste user)
    (36 B.SilkS user)
    (37 F.SilkS user)
    (38 B.Mask user)
    (39 F.Mask user)
    (40 Dwgs.User user)
    (41 Cmts.User user)
    (42 Eco1.User user)
    (43 Eco2.User user)
    (44 Edge.Cuts user)
    (45 Margin user)
    (46 B.CrtYd user)
    (47 F.CrtYd user)
    (48 B.Fab user)
    (49 F.Fab user)
  )

  (setup
    (last_trace_width 0.15)
    (user_trace_width 0.1)
    (user_trace_width 0.125)
    (user_trace_width 0.15)
    (user_trace_width 0.2)
    (user_trace_width 0.25)
    (user_trace_width 0.35)
    (user_trace_width 0.4)
    (trace_clearance 0.1)
    (zone_clearance 0.15)
    (zone_45_only no)
    (trace_min 0.1)
    (via_size 0.5)
    (via_drill 0.2)
    (via_min_size 0.5)
    (via_min_drill 0.2)
    (user_via 0.5 0.2)
    (uvia_size 0.5)
    (uvia_drill 0.2)
    (uvias_allowed no)
    (uvia_min_size 0.5)
    (uvia_min_drill 0.2)
    (edge_width 0.05)
    (segment_width 0.2)
    (pcb_text_width 0.3)
    (pcb_text_size 1.5 1.5)
    (mod_edge_width 0.12)
    (mod_text_size 0.8 1)
    (mod_text_width 0.12)
    (pad_size 1 1)
    (pad_drill 0)
    (pad_to_mask_clearance 0.051)
    (solder_mask_min_width 0.1)
    (aux_axis_origin 0 0)
    (visible_elements FFFFFF7F)
    (pcbplotparams
      (layerselection 0x010fc_ffffffff)
      (usegerberextensions false)
      (usegerberattributes false)
      (usegerberadvancedattributes false)
      (creategerberjobfile false)
      (excludeedgelayer true)
      (linewidth 0.100000)
      (plotframeref false)
      (viasonmask false)
      (mode 1)
      (useauxorigin false)
      (hpglpennumber 1)
      (hpglpenspeed 20)
      (hpglpendiameter 15.000000)
      (psnegative false)
      (psa4output false)
      (plotreference true)
      (plotvalue true)
      (plotinvisibletext false)
      (padsonsilk false)
      (subtractmaskfromsilk false)
      (outputformat 1)
      (mirror false)
      (drillshape 1)
      (scaleselection 1)
      (outputdirectory ""))
  )

  (net 0 "")
  (net 1 "Net-(U1-Pad1)")
  (net 2 "Net-(U1-Pad28)")
  (net 3 "Net-(U1-Pad7)")
  (net 4 "Net-(U1-Pad25)")
  (net 5 "Net-(U1-Pad12)")
  (net 6 "Net-(U1-Pad11)")
  (net 7 "Net-(U1-Pad10)")
  (net 8 "Net-(U1-Pad6)")
  (net 9 "Net-(U1-Pad5)")
  (net 10 "Net-(U1-Pad2)")
  (net 11 "Net-(C1-Pad2)")
  (net 12 +5V)
  (net 13 +BATT)
  (net 14 GND)
  (net 15 /ESC1_A)
  (net 16 "Net-(C2-Pad2)")
  (net 17 /ESC1_B)
  (net 18 "Net-(C3-Pad2)")
  (net 19 /ESC1_C)
  (net 20 "Net-(C8-Pad2)")
  (net 21 /ESC2_A)
  (net 22 "Net-(C10-Pad2)")
  (net 23 /ESC2_B)
  (net 24 "Net-(C12-Pad2)")
  (net 25 /ESC2_C)
  (net 26 "Net-(C13-Pad2)")
  (net 27 "Net-(C15-Pad2)")
  (net 28 "Net-(C17-Pad2)")
  (net 29 +3V3)
  (net 30 /IBat)
  (net 31 "Net-(L1-Pad2)")
  (net 32 "Net-(L1-Pad1)")
  (net 33 "Net-(R2-Pad2)")
  (net 34 "Net-(U14-Pad2)")
  (net 35 /ESC1_A_EN)
  (net 36 /ESC1_A_PWM)
  (net 37 /ESC1_B_EN)
  (net 38 /ESC1_B_PWM)
  (net 39 /ESC1_C_EN)
  (net 40 /ESC1_C_PWM)
  (net 41 /ESC2_A_EN)
  (net 42 /ESC2_A_PWM)
  (net 43 /ESC2_B_EN)
  (net 44 /ESC2_B_PWM)
  (net 45 /ESC2_C_EN)
  (net 46 /ESC2_C_PWM)
  (net 47 /ESC1_MC)
  (net 48 /ESC1_MA)
  (net 49 /ESC1_IN)
  (net 50 /ESC1_MB)
  (net 51 /ESC1_Y)
  (net 52 /ESCx_tele)
  (net 53 /ESC1_SWDCLK)
  (net 54 /ESC1_SWDIO)
  (net 55 /ESC2_Y)
  (net 56 "Net-(U17-Pad1)")
  (net 57 "Net-(U17-Pad28)")
  (net 58 /ESC2_SWDCLK)
  (net 59 "Net-(U17-Pad7)")
  (net 60 /ESC2_MC)
  (net 61 /ESC2_MA)
  (net 62 "Net-(U17-Pad25)")
  (net 63 /ESC2_IN)
  (net 64 /ESC2_MB)
  (net 65 /ESC2_SWDIO)
  (net 66 "Net-(U17-Pad12)")
  (net 67 "Net-(U17-Pad11)")
  (net 68 "Net-(U17-Pad10)")
  (net 69 "Net-(U17-Pad6)")
  (net 70 "Net-(U17-Pad5)")
  (net 71 "Net-(U17-Pad2)")
  (net 72 "Net-(C24-Pad2)")
  (net 73 /ESC4_A)
  (net 74 "Net-(C27-Pad2)")
  (net 75 /ESC4_B)
  (net 76 "Net-(C29-Pad2)")
  (net 77 /ESC4_C)
  (net 78 "Net-(C31-Pad2)")
  (net 79 /ESC3_A)
  (net 80 "Net-(C34-Pad2)")
  (net 81 /ESC3_B)
  (net 82 "Net-(C36-Pad2)")
  (net 83 /ESC3_C)
  (net 84 /ESC4_A_PWM)
  (net 85 /ESC4_B_PWM)
  (net 86 /ESC4_C_PWM)
  (net 87 /ESC3_A_PWM)
  (net 88 /ESC3_B_PWM)
  (net 89 /ESC3_C_PWM)
  (net 90 /ESC4_Y)
  (net 91 /ESC3_Y)
  (net 92 /ESC4_A_EN)
  (net 93 /ESC4_B_EN)
  (net 94 "Net-(U21-Pad1)")
  (net 95 "Net-(U21-Pad28)")
  (net 96 /ESC4_SWDCLK)
  (net 97 "Net-(U21-Pad7)")
  (net 98 /ESC4_MC)
  (net 99 /ESC4_MA)
  (net 100 "Net-(U21-Pad25)")
  (net 101 /ESC4_IN)
  (net 102 /ESC4_MB)
  (net 103 /ESC4_SWDIO)
  (net 104 /ESC4_C_EN)
  (net 105 "Net-(U21-Pad12)")
  (net 106 "Net-(U21-Pad11)")
  (net 107 "Net-(U21-Pad10)")
  (net 108 "Net-(U21-Pad6)")
  (net 109 "Net-(U21-Pad5)")
  (net 110 "Net-(U21-Pad2)")
  (net 111 /ESC3_A_EN)
  (net 112 /ESC3_B_EN)
  (net 113 "Net-(U28-Pad1)")
  (net 114 "Net-(U28-Pad28)")
  (net 115 /ESC3_SWDCLK)
  (net 116 "Net-(U28-Pad7)")
  (net 117 /ESC3_MC)
  (net 118 /ESC3_MA)
  (net 119 "Net-(U28-Pad25)")
  (net 120 /ESC3_IN)
  (net 121 /ESC3_MB)
  (net 122 /ESC3_SWDIO)
  (net 123 /ESC3_C_EN)
  (net 124 "Net-(U28-Pad12)")
  (net 125 "Net-(U28-Pad11)")
  (net 126 "Net-(U28-Pad10)")
  (net 127 "Net-(U28-Pad6)")
  (net 128 "Net-(U28-Pad5)")
  (net 129 "Net-(U28-Pad2)")
  (net 130 /ESC4_A_DRVH)
  (net 131 /ESC4_B_DRVH)
  (net 132 /ESC4_B_GH)
  (net 133 /ESC4_A_GL)
  (net 134 /ESC4_C_DRVL)
  (net 135 /ESC4_B_DRVL)
  (net 136 /ESC4_C_GL)
  (net 137 /ESC4_B_GL)
  (net 138 /ESC4_C_DRVH)
  (net 139 /ESC3_C_DRVL)
  (net 140 /ESC3_C_GL)
  (net 141 /ESC4_C_GH)
  (net 142 /ESC4_A_DRVL)
  (net 143 /ESC4_A_GH)
  (net 144 /ESC3_A_DRVH)
  (net 145 /ESC3_A_DRVL)
  (net 146 /ESC3_A_GH)
  (net 147 /ESC3_A_GL)
  (net 148 /ESC3_B_DRVH)
  (net 149 /ESC3_B_DRVL)
  (net 150 /ESC3_B_GH)
  (net 151 /ESC3_B_GL)
  (net 152 /ESC3_C_DRVH)
  (net 153 /ESC3_C_GH)
  (net 154 /ESC1_A_DRVH)
  (net 155 /ESC1_A_DRVL)
  (net 156 /ESC1_A_GH)
  (net 157 /ESC1_A_GL)
  (net 158 /ESC1_B_DRVH)
  (net 159 /ESC1_B_DRVL)
  (net 160 /ESC1_B_GH)
  (net 161 /ESC1_B_GL)
  (net 162 /ESC1_C_DRVH)
  (net 163 /ESC1_C_DRVL)
  (net 164 /ESC1_C_GH)
  (net 165 /ESC1_C_GL)
  (net 166 /ESC2_A_DRVH)
  (net 167 /ESC2_A_DRVL)
  (net 168 /ESC2_A_GH)
  (net 169 /ESC2_A_GL)
  (net 170 /ESC2_B_DRVH)
  (net 171 /ESC2_B_DRVL)
  (net 172 /ESC2_B_GH)
  (net 173 /ESC2_B_GL)
  (net 174 /ESC2_C_DRVH)
  (net 175 /ESC2_C_DRVL)
  (net 176 /ESC2_C_GH)
  (net 177 /ESC2_C_GL)
  (net 178 "Net-(U1-Pad14)")
  (net 179 "Net-(U1-Pad15)")
  (net 180 "Net-(U17-Pad15)")
  (net 181 "Net-(U17-Pad14)")
  (net 182 "Net-(U21-Pad15)")
  (net 183 "Net-(U21-Pad14)")
  (net 184 "Net-(U28-Pad15)")
  (net 185 "Net-(U28-Pad14)")
  (net 186 "Net-(J1-Pad8)")
  (net 187 "Net-(J1-Pad7)")
  (net 188 "Net-(J1-Pad6)")
  (net 189 "Net-(J1-Pad5)")
  (net 190 /ESC2_tele_o)
  (net 191 /ESC1_tele_o)
  (net 192 /ESC4_tele_o)
  (net 193 /ESC3_tele_o)
  (net 194 "Net-(D1-Pad1)")
  (net 195 "Net-(RN1-Pad1)")
  (net 196 "Net-(RN1-Pad2)")
  (net 197 "Net-(RN1-Pad3)")
  (net 198 "Net-(RN1-Pad4)")
  (net 199 "Net-(RN3-Pad1)")
  (net 200 "Net-(RN3-Pad2)")
  (net 201 "Net-(RN3-Pad3)")
  (net 202 "Net-(RN3-Pad4)")
  (net 203 "Net-(RN4-Pad1)")
  (net 204 "Net-(RN4-Pad2)")
  (net 205 "Net-(RN4-Pad3)")
  (net 206 "Net-(RN4-Pad4)")
  (net 207 "Net-(RN6-Pad1)")
  (net 208 "Net-(RN6-Pad2)")
  (net 209 "Net-(RN6-Pad3)")
  (net 210 "Net-(RN6-Pad4)")
  (net 211 "Net-(RN10-Pad1)")
  (net 212 "Net-(RN10-Pad2)")
  (net 213 "Net-(RN10-Pad3)")
  (net 214 "Net-(RN10-Pad4)")
  (net 215 VESC4)
  (net 216 "Net-(RN14-Pad1)")
  (net 217 "Net-(RN14-Pad2)")
  (net 218 "Net-(RN14-Pad3)")
  (net 219 "Net-(RN14-Pad4)")
  (net 220 "Net-(RN19-Pad1)")
  (net 221 "Net-(RN19-Pad2)")
  (net 222 "Net-(RN19-Pad3)")
  (net 223 "Net-(RN19-Pad4)")
  (net 224 "Net-(RN20-Pad1)")
  (net 225 "Net-(RN20-Pad2)")
  (net 226 "Net-(RN20-Pad3)")
  (net 227 "Net-(RN20-Pad4)")
  (net 228 "Net-(RN22-Pad1)")
  (net 229 "Net-(RN22-Pad2)")
  (net 230 "Net-(RN22-Pad3)")
  (net 231 "Net-(RN22-Pad4)")

  (net_class Default "This is the default net class."
    (clearance 0.1)
    (trace_width 0.15)
    (via_dia 0.5)
    (via_drill 0.2)
    (uvia_dia 0.5)
    (uvia_drill 0.2)
    (add_net +3V3)
    (add_net +5V)
    (add_net +BATT)
    (add_net /ESC1_A)
    (add_net /ESC1_A_DRVH)
    (add_net /ESC1_A_DRVL)
    (add_net /ESC1_A_EN)
    (add_net /ESC1_A_GH)
    (add_net /ESC1_A_GL)
    (add_net /ESC1_A_PWM)
    (add_net /ESC1_B)
    (add_net /ESC1_B_DRVH)
    (add_net /ESC1_B_DRVL)
    (add_net /ESC1_B_EN)
    (add_net /ESC1_B_GH)
    (add_net /ESC1_B_GL)
    (add_net /ESC1_B_PWM)
    (add_net /ESC1_C)
    (add_net /ESC1_C_DRVH)
    (add_net /ESC1_C_DRVL)
    (add_net /ESC1_C_EN)
    (add_net /ESC1_C_GH)
    (add_net /ESC1_C_GL)
    (add_net /ESC1_C_PWM)
    (add_net /ESC1_IN)
    (add_net /ESC1_MA)
    (add_net /ESC1_MB)
    (add_net /ESC1_MC)
    (add_net /ESC1_SWDCLK)
    (add_net /ESC1_SWDIO)
    (add_net /ESC1_Y)
    (add_net /ESC1_tele_o)
    (add_net /ESC2_A)
    (add_net /ESC2_A_DRVH)
    (add_net /ESC2_A_DRVL)
    (add_net /ESC2_A_EN)
    (add_net /ESC2_A_GH)
    (add_net /ESC2_A_GL)
    (add_net /ESC2_A_PWM)
    (add_net /ESC2_B)
    (add_net /ESC2_B_DRVH)
    (add_net /ESC2_B_DRVL)
    (add_net /ESC2_B_EN)
    (add_net /ESC2_B_GH)
    (add_net /ESC2_B_GL)
    (add_net /ESC2_B_PWM)
    (add_net /ESC2_C)
    (add_net /ESC2_C_DRVH)
    (add_net /ESC2_C_DRVL)
    (add_net /ESC2_C_EN)
    (add_net /ESC2_C_GH)
    (add_net /ESC2_C_GL)
    (add_net /ESC2_C_PWM)
    (add_net /ESC2_IN)
    (add_net /ESC2_MA)
    (add_net /ESC2_MB)
    (add_net /ESC2_MC)
    (add_net /ESC2_SWDCLK)
    (add_net /ESC2_SWDIO)
    (add_net /ESC2_Y)
    (add_net /ESC2_tele_o)
    (add_net /ESC3_A)
    (add_net /ESC3_A_DRVH)
    (add_net /ESC3_A_DRVL)
    (add_net /ESC3_A_EN)
    (add_net /ESC3_A_GH)
    (add_net /ESC3_A_GL)
    (add_net /ESC3_A_PWM)
    (add_net /ESC3_B)
    (add_net /ESC3_B_DRVH)
    (add_net /ESC3_B_DRVL)
    (add_net /ESC3_B_EN)
    (add_net /ESC3_B_GH)
    (add_net /ESC3_B_GL)
    (add_net /ESC3_B_PWM)
    (add_net /ESC3_C)
    (add_net /ESC3_C_DRVH)
    (add_net /ESC3_C_DRVL)
    (add_net /ESC3_C_EN)
    (add_net /ESC3_C_GH)
    (add_net /ESC3_C_GL)
    (add_net /ESC3_C_PWM)
    (add_net /ESC3_IN)
    (add_net /ESC3_MA)
    (add_net /ESC3_MB)
    (add_net /ESC3_MC)
    (add_net /ESC3_SWDCLK)
    (add_net /ESC3_SWDIO)
    (add_net /ESC3_Y)
    (add_net /ESC3_tele_o)
    (add_net /ESC4_A)
    (add_net /ESC4_A_DRVH)
    (add_net /ESC4_A_DRVL)
    (add_net /ESC4_A_EN)
    (add_net /ESC4_A_GH)
    (add_net /ESC4_A_GL)
    (add_net /ESC4_A_PWM)
    (add_net /ESC4_B)
    (add_net /ESC4_B_DRVH)
    (add_net /ESC4_B_DRVL)
    (add_net /ESC4_B_EN)
    (add_net /ESC4_B_GH)
    (add_net /ESC4_B_GL)
    (add_net /ESC4_B_PWM)
    (add_net /ESC4_C)
    (add_net /ESC4_C_DRVH)
    (add_net /ESC4_C_DRVL)
    (add_net /ESC4_C_EN)
    (add_net /ESC4_C_GH)
    (add_net /ESC4_C_GL)
    (add_net /ESC4_C_PWM)
    (add_net /ESC4_IN)
    (add_net /ESC4_MA)
    (add_net /ESC4_MB)
    (add_net /ESC4_MC)
    (add_net /ESC4_SWDCLK)
    (add_net /ESC4_SWDIO)
    (add_net /ESC4_Y)
    (add_net /ESC4_tele_o)
    (add_net /ESCx_tele)
    (add_net /IBat)
    (add_net GND)
    (add_net "Net-(C1-Pad2)")
    (add_net "Net-(C10-Pad2)")
    (add_net "Net-(C12-Pad2)")
    (add_net "Net-(C13-Pad2)")
    (add_net "Net-(C15-Pad2)")
    (add_net "Net-(C17-Pad2)")
    (add_net "Net-(C2-Pad2)")
    (add_net "Net-(C24-Pad2)")
    (add_net "Net-(C27-Pad2)")
    (add_net "Net-(C29-Pad2)")
    (add_net "Net-(C3-Pad2)")
    (add_net "Net-(C31-Pad2)")
    (add_net "Net-(C34-Pad2)")
    (add_net "Net-(C36-Pad2)")
    (add_net "Net-(C8-Pad2)")
    (add_net "Net-(D1-Pad1)")
    (add_net "Net-(J1-Pad5)")
    (add_net "Net-(J1-Pad6)")
    (add_net "Net-(J1-Pad7)")
    (add_net "Net-(J1-Pad8)")
    (add_net "Net-(L1-Pad1)")
    (add_net "Net-(L1-Pad2)")
    (add_net "Net-(R2-Pad2)")
    (add_net "Net-(RN1-Pad1)")
    (add_net "Net-(RN1-Pad2)")
    (add_net "Net-(RN1-Pad3)")
    (add_net "Net-(RN1-Pad4)")
    (add_net "Net-(RN10-Pad1)")
    (add_net "Net-(RN10-Pad2)")
    (add_net "Net-(RN10-Pad3)")
    (add_net "Net-(RN10-Pad4)")
    (add_net "Net-(RN14-Pad1)")
    (add_net "Net-(RN14-Pad2)")
    (add_net "Net-(RN14-Pad3)")
    (add_net "Net-(RN14-Pad4)")
    (add_net "Net-(RN19-Pad1)")
    (add_net "Net-(RN19-Pad2)")
    (add_net "Net-(RN19-Pad3)")
    (add_net "Net-(RN19-Pad4)")
    (add_net "Net-(RN20-Pad1)")
    (add_net "Net-(RN20-Pad2)")
    (add_net "Net-(RN20-Pad3)")
    (add_net "Net-(RN20-Pad4)")
    (add_net "Net-(RN22-Pad1)")
    (add_net "Net-(RN22-Pad2)")
    (add_net "Net-(RN22-Pad3)")
    (add_net "Net-(RN22-Pad4)")
    (add_net "Net-(RN3-Pad1)")
    (add_net "Net-(RN3-Pad2)")
    (add_net "Net-(RN3-Pad3)")
    (add_net "Net-(RN3-Pad4)")
    (add_net "Net-(RN4-Pad1)")
    (add_net "Net-(RN4-Pad2)")
    (add_net "Net-(RN4-Pad3)")
    (add_net "Net-(RN4-Pad4)")
    (add_net "Net-(RN6-Pad1)")
    (add_net "Net-(RN6-Pad2)")
    (add_net "Net-(RN6-Pad3)")
    (add_net "Net-(RN6-Pad4)")
    (add_net "Net-(U1-Pad1)")
    (add_net "Net-(U1-Pad10)")
    (add_net "Net-(U1-Pad11)")
    (add_net "Net-(U1-Pad12)")
    (add_net "Net-(U1-Pad14)")
    (add_net "Net-(U1-Pad15)")
    (add_net "Net-(U1-Pad2)")
    (add_net "Net-(U1-Pad25)")
    (add_net "Net-(U1-Pad28)")
    (add_net "Net-(U1-Pad5)")
    (add_net "Net-(U1-Pad6)")
    (add_net "Net-(U1-Pad7)")
    (add_net "Net-(U14-Pad2)")
    (add_net "Net-(U17-Pad1)")
    (add_net "Net-(U17-Pad10)")
    (add_net "Net-(U17-Pad11)")
    (add_net "Net-(U17-Pad12)")
    (add_net "Net-(U17-Pad14)")
    (add_net "Net-(U17-Pad15)")
    (add_net "Net-(U17-Pad2)")
    (add_net "Net-(U17-Pad25)")
    (add_net "Net-(U17-Pad28)")
    (add_net "Net-(U17-Pad5)")
    (add_net "Net-(U17-Pad6)")
    (add_net "Net-(U17-Pad7)")
    (add_net "Net-(U21-Pad1)")
    (add_net "Net-(U21-Pad10)")
    (add_net "Net-(U21-Pad11)")
    (add_net "Net-(U21-Pad12)")
    (add_net "Net-(U21-Pad14)")
    (add_net "Net-(U21-Pad15)")
    (add_net "Net-(U21-Pad2)")
    (add_net "Net-(U21-Pad25)")
    (add_net "Net-(U21-Pad28)")
    (add_net "Net-(U21-Pad5)")
    (add_net "Net-(U21-Pad6)")
    (add_net "Net-(U21-Pad7)")
    (add_net "Net-(U28-Pad1)")
    (add_net "Net-(U28-Pad10)")
    (add_net "Net-(U28-Pad11)")
    (add_net "Net-(U28-Pad12)")
    (add_net "Net-(U28-Pad14)")
    (add_net "Net-(U28-Pad15)")
    (add_net "Net-(U28-Pad2)")
    (add_net "Net-(U28-Pad25)")
    (add_net "Net-(U28-Pad28)")
    (add_net "Net-(U28-Pad5)")
    (add_net "Net-(U28-Pad6)")
    (add_net "Net-(U28-Pad7)")
    (add_net VESC4)
  )

  (module Resistor_SMD:R_0402_1005Metric (layer "B.Cu_(sig)") (tedit 5F68FEEE) (tstamp 607E7001)
    (at 121.6 80.7 90)
    (descr "Resistor SMD 0402 (1005 Metric), square (rectangular) end terminal, IPC_7351 nominal, (Body size source: IPC-SM-782 page 72, https://www.pcb-3d.com/wordpress/wp-content/uploads/ipc-sm-782a_amendment_1_and_2.pdf), generated with kicad-footprint-generator")
    (tags resistor)
    (path /628B4A2C)
    (attr smd)
    (fp_text reference R45 (at 0 1.17 90) (layer B.SilkS)
      (effects (font (size 1 1) (thickness 0.15)) (justify mirror))
    )
    (fp_text value 10R0 (at 0 -1.17 90) (layer B.Fab)
      (effects (font (size 1 1) (thickness 0.15)) (justify mirror))
    )
    (fp_line (start 0.93 -0.47) (end -0.93 -0.47) (layer B.CrtYd) (width 0.05))
    (fp_line (start 0.93 0.47) (end 0.93 -0.47) (layer B.CrtYd) (width 0.05))
    (fp_line (start -0.93 0.47) (end 0.93 0.47) (layer B.CrtYd) (width 0.05))
    (fp_line (start -0.93 -0.47) (end -0.93 0.47) (layer B.CrtYd) (width 0.05))
    (fp_line (start -0.153641 -0.38) (end 0.153641 -0.38) (layer B.SilkS) (width 0.12))
    (fp_line (start -0.153641 0.38) (end 0.153641 0.38) (layer B.SilkS) (width 0.12))
    (fp_line (start 0.525 -0.27) (end -0.525 -0.27) (layer B.Fab) (width 0.1))
    (fp_line (start 0.525 0.27) (end 0.525 -0.27) (layer B.Fab) (width 0.1))
    (fp_line (start -0.525 0.27) (end 0.525 0.27) (layer B.Fab) (width 0.1))
    (fp_line (start -0.525 -0.27) (end -0.525 0.27) (layer B.Fab) (width 0.1))
    (fp_text user %R (at 0 0 90) (layer B.Fab)
      (effects (font (size 0.26 0.26) (thickness 0.04)) (justify mirror))
    )
    (pad 2 smd roundrect (at 0.51 0 90) (size 0.54 0.64) (layers "B.Cu_(sig)" B.Paste B.Mask) (roundrect_rratio 0.25)
      (net 134 /ESC4_C_DRVL))
    (pad 1 smd roundrect (at -0.51 0 90) (size 0.54 0.64) (layers "B.Cu_(sig)" B.Paste B.Mask) (roundrect_rratio 0.25)
      (net 136 /ESC4_C_GL))
    (model ${KISYS3DMOD}/Resistor_SMD.3dshapes/R_0402_1005Metric.wrl
      (at (xyz 0 0 0))
      (scale (xyz 1 1 1))
      (rotate (xyz 0 0 0))
    )
  )

  (module Resistor_SMD:R_0402_1005Metric (layer "F.Cu_(sig)") (tedit 5F68FEEE) (tstamp 607E6FF0)
    (at 159.51 89.78)
    (descr "Resistor SMD 0402 (1005 Metric), square (rectangular) end terminal, IPC_7351 nominal, (Body size source: IPC-SM-782 page 72, https://www.pcb-3d.com/wordpress/wp-content/uploads/ipc-sm-782a_amendment_1_and_2.pdf), generated with kicad-footprint-generator")
    (tags resistor)
    (path /628B29B7)
    (attr smd)
    (fp_text reference R44 (at 0 -1.17) (layer F.SilkS)
      (effects (font (size 1 1) (thickness 0.15)))
    )
    (fp_text value 10R0 (at 0 1.17) (layer F.Fab)
      (effects (font (size 1 1) (thickness 0.15)))
    )
    (fp_line (start 0.93 0.47) (end -0.93 0.47) (layer F.CrtYd) (width 0.05))
    (fp_line (start 0.93 -0.47) (end 0.93 0.47) (layer F.CrtYd) (width 0.05))
    (fp_line (start -0.93 -0.47) (end 0.93 -0.47) (layer F.CrtYd) (width 0.05))
    (fp_line (start -0.93 0.47) (end -0.93 -0.47) (layer F.CrtYd) (width 0.05))
    (fp_line (start -0.153641 0.38) (end 0.153641 0.38) (layer F.SilkS) (width 0.12))
    (fp_line (start -0.153641 -0.38) (end 0.153641 -0.38) (layer F.SilkS) (width 0.12))
    (fp_line (start 0.525 0.27) (end -0.525 0.27) (layer F.Fab) (width 0.1))
    (fp_line (start 0.525 -0.27) (end 0.525 0.27) (layer F.Fab) (width 0.1))
    (fp_line (start -0.525 -0.27) (end 0.525 -0.27) (layer F.Fab) (width 0.1))
    (fp_line (start -0.525 0.27) (end -0.525 -0.27) (layer F.Fab) (width 0.1))
    (fp_text user %R (at 0 0) (layer F.Fab)
      (effects (font (size 0.26 0.26) (thickness 0.04)))
    )
    (pad 2 smd roundrect (at 0.51 0) (size 0.54 0.64) (layers "F.Cu_(sig)" F.Paste F.Mask) (roundrect_rratio 0.25)
      (net 145 /ESC3_A_DRVL))
    (pad 1 smd roundrect (at -0.51 0) (size 0.54 0.64) (layers "F.Cu_(sig)" F.Paste F.Mask) (roundrect_rratio 0.25)
      (net 147 /ESC3_A_GL))
    (model ${KISYS3DMOD}/Resistor_SMD.3dshapes/R_0402_1005Metric.wrl
      (at (xyz 0 0 0))
      (scale (xyz 1 1 1))
      (rotate (xyz 0 0 0))
    )
  )

  (module Resistor_SMD:R_0402_1005Metric (layer "F.Cu_(sig)") (tedit 5F68FEEE) (tstamp 607E6FDF)
    (at 162.42 85.8)
    (descr "Resistor SMD 0402 (1005 Metric), square (rectangular) end terminal, IPC_7351 nominal, (Body size source: IPC-SM-782 page 72, https://www.pcb-3d.com/wordpress/wp-content/uploads/ipc-sm-782a_amendment_1_and_2.pdf), generated with kicad-footprint-generator")
    (tags resistor)
    (path /628B226A)
    (attr smd)
    (fp_text reference R43 (at 0 -1.17) (layer F.SilkS)
      (effects (font (size 1 1) (thickness 0.15)))
    )
    (fp_text value 10R0 (at 0 1.17) (layer F.Fab)
      (effects (font (size 1 1) (thickness 0.15)))
    )
    (fp_line (start 0.93 0.47) (end -0.93 0.47) (layer F.CrtYd) (width 0.05))
    (fp_line (start 0.93 -0.47) (end 0.93 0.47) (layer F.CrtYd) (width 0.05))
    (fp_line (start -0.93 -0.47) (end 0.93 -0.47) (layer F.CrtYd) (width 0.05))
    (fp_line (start -0.93 0.47) (end -0.93 -0.47) (layer F.CrtYd) (width 0.05))
    (fp_line (start -0.153641 0.38) (end 0.153641 0.38) (layer F.SilkS) (width 0.12))
    (fp_line (start -0.153641 -0.38) (end 0.153641 -0.38) (layer F.SilkS) (width 0.12))
    (fp_line (start 0.525 0.27) (end -0.525 0.27) (layer F.Fab) (width 0.1))
    (fp_line (start 0.525 -0.27) (end 0.525 0.27) (layer F.Fab) (width 0.1))
    (fp_line (start -0.525 -0.27) (end 0.525 -0.27) (layer F.Fab) (width 0.1))
    (fp_line (start -0.525 0.27) (end -0.525 -0.27) (layer F.Fab) (width 0.1))
    (fp_text user %R (at 0 0) (layer F.Fab)
      (effects (font (size 0.26 0.26) (thickness 0.04)))
    )
    (pad 2 smd roundrect (at 0.51 0) (size 0.54 0.64) (layers "F.Cu_(sig)" F.Paste F.Mask) (roundrect_rratio 0.25)
      (net 144 /ESC3_A_DRVH))
    (pad 1 smd roundrect (at -0.51 0) (size 0.54 0.64) (layers "F.Cu_(sig)" F.Paste F.Mask) (roundrect_rratio 0.25)
      (net 146 /ESC3_A_GH))
    (model ${KISYS3DMOD}/Resistor_SMD.3dshapes/R_0402_1005Metric.wrl
      (at (xyz 0 0 0))
      (scale (xyz 1 1 1))
      (rotate (xyz 0 0 0))
    )
  )

  (module Resistor_SMD:R_0402_1005Metric (layer "B.Cu_(sig)") (tedit 5F68FEEE) (tstamp 607E6FCE)
    (at 133.1 84.3 90)
    (descr "Resistor SMD 0402 (1005 Metric), square (rectangular) end terminal, IPC_7351 nominal, (Body size source: IPC-SM-782 page 72, https://www.pcb-3d.com/wordpress/wp-content/uploads/ipc-sm-782a_amendment_1_and_2.pdf), generated with kicad-footprint-generator")
    (tags resistor)
    (path /62671513)
    (attr smd)
    (fp_text reference R42 (at 0 1.17 90) (layer B.SilkS)
      (effects (font (size 1 1) (thickness 0.15)) (justify mirror))
    )
    (fp_text value 10R0 (at 0 -1.17 90) (layer B.Fab)
      (effects (font (size 1 1) (thickness 0.15)) (justify mirror))
    )
    (fp_line (start 0.93 -0.47) (end -0.93 -0.47) (layer B.CrtYd) (width 0.05))
    (fp_line (start 0.93 0.47) (end 0.93 -0.47) (layer B.CrtYd) (width 0.05))
    (fp_line (start -0.93 0.47) (end 0.93 0.47) (layer B.CrtYd) (width 0.05))
    (fp_line (start -0.93 -0.47) (end -0.93 0.47) (layer B.CrtYd) (width 0.05))
    (fp_line (start -0.153641 -0.38) (end 0.153641 -0.38) (layer B.SilkS) (width 0.12))
    (fp_line (start -0.153641 0.38) (end 0.153641 0.38) (layer B.SilkS) (width 0.12))
    (fp_line (start 0.525 -0.27) (end -0.525 -0.27) (layer B.Fab) (width 0.1))
    (fp_line (start 0.525 0.27) (end 0.525 -0.27) (layer B.Fab) (width 0.1))
    (fp_line (start -0.525 0.27) (end 0.525 0.27) (layer B.Fab) (width 0.1))
    (fp_line (start -0.525 -0.27) (end -0.525 0.27) (layer B.Fab) (width 0.1))
    (fp_text user %R (at 0 0 90) (layer B.Fab)
      (effects (font (size 0.26 0.26) (thickness 0.04)) (justify mirror))
    )
    (pad 2 smd roundrect (at 0.51 0 90) (size 0.54 0.64) (layers "B.Cu_(sig)" B.Paste B.Mask) (roundrect_rratio 0.25)
      (net 142 /ESC4_A_DRVL))
    (pad 1 smd roundrect (at -0.51 0 90) (size 0.54 0.64) (layers "B.Cu_(sig)" B.Paste B.Mask) (roundrect_rratio 0.25)
      (net 133 /ESC4_A_GL))
    (model ${KISYS3DMOD}/Resistor_SMD.3dshapes/R_0402_1005Metric.wrl
      (at (xyz 0 0 0))
      (scale (xyz 1 1 1))
      (rotate (xyz 0 0 0))
    )
  )

  (module Resistor_SMD:R_0402_1005Metric (layer "F.Cu_(sig)") (tedit 5F68FEEE) (tstamp 607E6FBD)
    (at 156.6 89.78)
    (descr "Resistor SMD 0402 (1005 Metric), square (rectangular) end terminal, IPC_7351 nominal, (Body size source: IPC-SM-782 page 72, https://www.pcb-3d.com/wordpress/wp-content/uploads/ipc-sm-782a_amendment_1_and_2.pdf), generated with kicad-footprint-generator")
    (tags resistor)
    (path /628AFDEB)
    (attr smd)
    (fp_text reference R41 (at 0 -1.17) (layer F.SilkS)
      (effects (font (size 1 1) (thickness 0.15)))
    )
    (fp_text value 10R0 (at 0 1.17) (layer F.Fab)
      (effects (font (size 1 1) (thickness 0.15)))
    )
    (fp_line (start 0.93 0.47) (end -0.93 0.47) (layer F.CrtYd) (width 0.05))
    (fp_line (start 0.93 -0.47) (end 0.93 0.47) (layer F.CrtYd) (width 0.05))
    (fp_line (start -0.93 -0.47) (end 0.93 -0.47) (layer F.CrtYd) (width 0.05))
    (fp_line (start -0.93 0.47) (end -0.93 -0.47) (layer F.CrtYd) (width 0.05))
    (fp_line (start -0.153641 0.38) (end 0.153641 0.38) (layer F.SilkS) (width 0.12))
    (fp_line (start -0.153641 -0.38) (end 0.153641 -0.38) (layer F.SilkS) (width 0.12))
    (fp_line (start 0.525 0.27) (end -0.525 0.27) (layer F.Fab) (width 0.1))
    (fp_line (start 0.525 -0.27) (end 0.525 0.27) (layer F.Fab) (width 0.1))
    (fp_line (start -0.525 -0.27) (end 0.525 -0.27) (layer F.Fab) (width 0.1))
    (fp_line (start -0.525 0.27) (end -0.525 -0.27) (layer F.Fab) (width 0.1))
    (fp_text user %R (at 0 0) (layer F.Fab)
      (effects (font (size 0.26 0.26) (thickness 0.04)))
    )
    (pad 2 smd roundrect (at 0.51 0) (size 0.54 0.64) (layers "F.Cu_(sig)" F.Paste F.Mask) (roundrect_rratio 0.25)
      (net 148 /ESC3_B_DRVH))
    (pad 1 smd roundrect (at -0.51 0) (size 0.54 0.64) (layers "F.Cu_(sig)" F.Paste F.Mask) (roundrect_rratio 0.25)
      (net 150 /ESC3_B_GH))
    (model ${KISYS3DMOD}/Resistor_SMD.3dshapes/R_0402_1005Metric.wrl
      (at (xyz 0 0 0))
      (scale (xyz 1 1 1))
      (rotate (xyz 0 0 0))
    )
  )

  (module Resistor_SMD:R_0402_1005Metric (layer "F.Cu_(sig)") (tedit 5F68FEEE) (tstamp 607E6FAC)
    (at 159.51 85.8)
    (descr "Resistor SMD 0402 (1005 Metric), square (rectangular) end terminal, IPC_7351 nominal, (Body size source: IPC-SM-782 page 72, https://www.pcb-3d.com/wordpress/wp-content/uploads/ipc-sm-782a_amendment_1_and_2.pdf), generated with kicad-footprint-generator")
    (tags resistor)
    (path /628AF78A)
    (attr smd)
    (fp_text reference R40 (at 0 -1.17) (layer F.SilkS)
      (effects (font (size 1 1) (thickness 0.15)))
    )
    (fp_text value 10R0 (at 0 1.17) (layer F.Fab)
      (effects (font (size 1 1) (thickness 0.15)))
    )
    (fp_line (start 0.93 0.47) (end -0.93 0.47) (layer F.CrtYd) (width 0.05))
    (fp_line (start 0.93 -0.47) (end 0.93 0.47) (layer F.CrtYd) (width 0.05))
    (fp_line (start -0.93 -0.47) (end 0.93 -0.47) (layer F.CrtYd) (width 0.05))
    (fp_line (start -0.93 0.47) (end -0.93 -0.47) (layer F.CrtYd) (width 0.05))
    (fp_line (start -0.153641 0.38) (end 0.153641 0.38) (layer F.SilkS) (width 0.12))
    (fp_line (start -0.153641 -0.38) (end 0.153641 -0.38) (layer F.SilkS) (width 0.12))
    (fp_line (start 0.525 0.27) (end -0.525 0.27) (layer F.Fab) (width 0.1))
    (fp_line (start 0.525 -0.27) (end 0.525 0.27) (layer F.Fab) (width 0.1))
    (fp_line (start -0.525 -0.27) (end 0.525 -0.27) (layer F.Fab) (width 0.1))
    (fp_line (start -0.525 0.27) (end -0.525 -0.27) (layer F.Fab) (width 0.1))
    (fp_text user %R (at 0 0) (layer F.Fab)
      (effects (font (size 0.26 0.26) (thickness 0.04)))
    )
    (pad 2 smd roundrect (at 0.51 0) (size 0.54 0.64) (layers "F.Cu_(sig)" F.Paste F.Mask) (roundrect_rratio 0.25)
      (net 152 /ESC3_C_DRVH))
    (pad 1 smd roundrect (at -0.51 0) (size 0.54 0.64) (layers "F.Cu_(sig)" F.Paste F.Mask) (roundrect_rratio 0.25)
      (net 153 /ESC3_C_GH))
    (model ${KISYS3DMOD}/Resistor_SMD.3dshapes/R_0402_1005Metric.wrl
      (at (xyz 0 0 0))
      (scale (xyz 1 1 1))
      (rotate (xyz 0 0 0))
    )
  )

  (module Resistor_SMD:R_0402_1005Metric (layer "B.Cu_(sig)") (tedit 5F68FEEE) (tstamp 607E6F9B)
    (at 129.1 84.7 90)
    (descr "Resistor SMD 0402 (1005 Metric), square (rectangular) end terminal, IPC_7351 nominal, (Body size source: IPC-SM-782 page 72, https://www.pcb-3d.com/wordpress/wp-content/uploads/ipc-sm-782a_amendment_1_and_2.pdf), generated with kicad-footprint-generator")
    (tags resistor)
    (path /628AE59E)
    (attr smd)
    (fp_text reference R39 (at 0 1.17 90) (layer B.SilkS)
      (effects (font (size 1 1) (thickness 0.15)) (justify mirror))
    )
    (fp_text value 10R0 (at 0 -1.17 90) (layer B.Fab)
      (effects (font (size 1 1) (thickness 0.15)) (justify mirror))
    )
    (fp_line (start 0.93 -0.47) (end -0.93 -0.47) (layer B.CrtYd) (width 0.05))
    (fp_line (start 0.93 0.47) (end 0.93 -0.47) (layer B.CrtYd) (width 0.05))
    (fp_line (start -0.93 0.47) (end 0.93 0.47) (layer B.CrtYd) (width 0.05))
    (fp_line (start -0.93 -0.47) (end -0.93 0.47) (layer B.CrtYd) (width 0.05))
    (fp_line (start -0.153641 -0.38) (end 0.153641 -0.38) (layer B.SilkS) (width 0.12))
    (fp_line (start -0.153641 0.38) (end 0.153641 0.38) (layer B.SilkS) (width 0.12))
    (fp_line (start 0.525 -0.27) (end -0.525 -0.27) (layer B.Fab) (width 0.1))
    (fp_line (start 0.525 0.27) (end 0.525 -0.27) (layer B.Fab) (width 0.1))
    (fp_line (start -0.525 0.27) (end 0.525 0.27) (layer B.Fab) (width 0.1))
    (fp_line (start -0.525 -0.27) (end -0.525 0.27) (layer B.Fab) (width 0.1))
    (fp_text user %R (at 0 0 90) (layer B.Fab)
      (effects (font (size 0.26 0.26) (thickness 0.04)) (justify mirror))
    )
    (pad 2 smd roundrect (at 0.51 0 90) (size 0.54 0.64) (layers "B.Cu_(sig)" B.Paste B.Mask) (roundrect_rratio 0.25)
      (net 135 /ESC4_B_DRVL))
    (pad 1 smd roundrect (at -0.51 0 90) (size 0.54 0.64) (layers "B.Cu_(sig)" B.Paste B.Mask) (roundrect_rratio 0.25)
      (net 137 /ESC4_B_GL))
    (model ${KISYS3DMOD}/Resistor_SMD.3dshapes/R_0402_1005Metric.wrl
      (at (xyz 0 0 0))
      (scale (xyz 1 1 1))
      (rotate (xyz 0 0 0))
    )
  )

  (module Resistor_SMD:R_0402_1005Metric (layer "B.Cu_(sig)") (tedit 5F68FEEE) (tstamp 607E6F8A)
    (at 123.8 80.7 90)
    (descr "Resistor SMD 0402 (1005 Metric), square (rectangular) end terminal, IPC_7351 nominal, (Body size source: IPC-SM-782 page 72, https://www.pcb-3d.com/wordpress/wp-content/uploads/ipc-sm-782a_amendment_1_and_2.pdf), generated with kicad-footprint-generator")
    (tags resistor)
    (path /62671010)
    (attr smd)
    (fp_text reference R38 (at 0 1.17 90) (layer B.SilkS)
      (effects (font (size 1 1) (thickness 0.15)) (justify mirror))
    )
    (fp_text value 10R0 (at 0 -1.17 90) (layer B.Fab)
      (effects (font (size 1 1) (thickness 0.15)) (justify mirror))
    )
    (fp_line (start 0.93 -0.47) (end -0.93 -0.47) (layer B.CrtYd) (width 0.05))
    (fp_line (start 0.93 0.47) (end 0.93 -0.47) (layer B.CrtYd) (width 0.05))
    (fp_line (start -0.93 0.47) (end 0.93 0.47) (layer B.CrtYd) (width 0.05))
    (fp_line (start -0.93 -0.47) (end -0.93 0.47) (layer B.CrtYd) (width 0.05))
    (fp_line (start -0.153641 -0.38) (end 0.153641 -0.38) (layer B.SilkS) (width 0.12))
    (fp_line (start -0.153641 0.38) (end 0.153641 0.38) (layer B.SilkS) (width 0.12))
    (fp_line (start 0.525 -0.27) (end -0.525 -0.27) (layer B.Fab) (width 0.1))
    (fp_line (start 0.525 0.27) (end 0.525 -0.27) (layer B.Fab) (width 0.1))
    (fp_line (start -0.525 0.27) (end 0.525 0.27) (layer B.Fab) (width 0.1))
    (fp_line (start -0.525 -0.27) (end -0.525 0.27) (layer B.Fab) (width 0.1))
    (fp_text user %R (at 0 0 90) (layer B.Fab)
      (effects (font (size 0.26 0.26) (thickness 0.04)) (justify mirror))
    )
    (pad 2 smd roundrect (at 0.51 0 90) (size 0.54 0.64) (layers "B.Cu_(sig)" B.Paste B.Mask) (roundrect_rratio 0.25)
      (net 138 /ESC4_C_DRVH))
    (pad 1 smd roundrect (at -0.51 0 90) (size 0.54 0.64) (layers "B.Cu_(sig)" B.Paste B.Mask) (roundrect_rratio 0.25)
      (net 141 /ESC4_C_GH))
    (model ${KISYS3DMOD}/Resistor_SMD.3dshapes/R_0402_1005Metric.wrl
      (at (xyz 0 0 0))
      (scale (xyz 1 1 1))
      (rotate (xyz 0 0 0))
    )
  )

  (module 11_PSoC_FC_whoop:C_0603_1608Metric_dense (layer "B.Cu_(sig)") (tedit 5FC429D9) (tstamp 607E4907)
    (at 122.4 85 270)
    (descr "Capacitor SMD 0603 (1608 Metric), square (rectangular) end terminal, IPC_7351 nominal, (Body size source: http://www.tortai-tech.com/upload/download/2011102023233369053.pdf), generated with kicad-footprint-generator")
    (tags capacitor)
    (path /6053395D)
    (attr smd)
    (fp_text reference R1 (at 0 1.43 270) (layer B.SilkS)
      (effects (font (size 1 1) (thickness 0.15)) (justify mirror))
    )
    (fp_text value 0m5 (at 0 -1.43 270) (layer B.Fab)
      (effects (font (size 1 1) (thickness 0.15)) (justify mirror))
    )
    (fp_line (start 1.4 -0.65) (end -1.4 -0.65) (layer B.CrtYd) (width 0.05))
    (fp_line (start 1.4 0.65) (end 1.4 -0.65) (layer B.CrtYd) (width 0.05))
    (fp_line (start -1.4 0.65) (end 1.4 0.65) (layer B.CrtYd) (width 0.05))
    (fp_line (start -1.4 -0.65) (end -1.4 0.65) (layer B.CrtYd) (width 0.05))
    (fp_line (start -0.162779 -0.51) (end 0.162779 -0.51) (layer B.SilkS) (width 0.12))
    (fp_line (start -0.162779 0.51) (end 0.162779 0.51) (layer B.SilkS) (width 0.12))
    (fp_line (start 0.8 -0.4) (end -0.8 -0.4) (layer B.Fab) (width 0.1))
    (fp_line (start 0.8 0.4) (end 0.8 -0.4) (layer B.Fab) (width 0.1))
    (fp_line (start -0.8 0.4) (end 0.8 0.4) (layer B.Fab) (width 0.1))
    (fp_line (start -0.8 -0.4) (end -0.8 0.4) (layer B.Fab) (width 0.1))
    (fp_text user %R (at 0 0 270) (layer B.Fab)
      (effects (font (size 0.4 0.4) (thickness 0.06)) (justify mirror))
    )
    (pad 1 smd roundrect (at -0.7875 0 270) (size 0.875 0.95) (layers "B.Cu_(sig)" B.Paste B.Mask) (roundrect_rratio 0.25)
      (net 13 +BATT))
    (pad 2 smd roundrect (at 0.7875 0 270) (size 0.875 0.95) (layers "B.Cu_(sig)" B.Paste B.Mask) (roundrect_rratio 0.25)
      (net 215 VESC4))
    (model ${KISYS3DMOD}/Capacitor_SMD.3dshapes/C_0603_1608Metric.wrl
      (at (xyz 0 0 0))
      (scale (xyz 1 1 1))
      (rotate (xyz 0 0 0))
    )
  )

  (module 11_PSoC_FC_whoop:MountingHole_3.2mm_4mm locked (layer "F.Cu_(sig)") (tedit 607CB1CC) (tstamp 600F6DA5)
    (at 146 85)
    (descr MountingHole_3.2mm_4mm)
    (tags "mounting hole 3.2mm")
    (path /600F711A)
    (attr virtual)
    (fp_text reference H2 (at 0 -4.2) (layer F.SilkS) hide
      (effects (font (size 1 1) (thickness 0.15)))
    )
    (fp_text value MountingHole (at 0 4.2) (layer F.Fab) hide
      (effects (font (size 1 1) (thickness 0.15)))
    )
    (fp_circle (center 0 0) (end 2.5 0) (layer F.CrtYd) (width 0.05))
    (fp_circle (center 0 0) (end 2 0) (layer Cmts.User) (width 0.15))
    (fp_circle (center 0 0) (end 2.5 0) (layer B.CrtYd) (width 0.05))
    (fp_text user %R (at 0.3 0) (layer F.Fab) hide
      (effects (font (size 1 1) (thickness 0.15)))
    )
    (pad 1 np_thru_hole circle (at 0 0) (size 3.2 3.2) (drill 3.2) (layers *.Cu *.Mask))
  )

  (module 11_PSoC_FC_whoop:MountingHole_3.2mm_4mm locked (layer "F.Cu_(sig)") (tedit 607CA17D) (tstamp 6041BE87)
    (at 126 85)
    (descr MountingHole_3.2mm_4mm)
    (tags "mounting hole 3.2mm")
    (path /600F66DD)
    (attr virtual)
    (fp_text reference H1 (at 0 -4.2) (layer F.SilkS) hide
      (effects (font (size 1 1) (thickness 0.15)))
    )
    (fp_text value MountingHole (at 0 4.2) (layer F.Fab) hide
      (effects (font (size 1 1) (thickness 0.15)))
    )
    (fp_circle (center 0 0) (end 2.5 0) (layer F.CrtYd) (width 0.05))
    (fp_circle (center 0 0) (end 2 0) (layer Cmts.User) (width 0.15))
    (fp_circle (center 0 0) (end 2.5 0) (layer B.CrtYd) (width 0.05))
    (fp_text user %R (at 0.3 0) (layer F.Fab) hide
      (effects (font (size 1 1) (thickness 0.15)))
    )
    (pad 1 np_thru_hole circle (at 0 0) (size 3.2 3.2) (drill 3.2) (layers *.Cu *.Mask))
  )

  (module 11_PSoC_FC_whoop:PowerPAIR3.3x3.3_splitpaste (layer "B.Cu_(sig)") (tedit 607C775C) (tstamp 607CE628)
    (at 115.5 63.6 90)
    (path /60249315)
    (attr smd)
    (fp_text reference U9 (at 0.1 2.55 90) (layer B.SilkS) hide
      (effects (font (size 1 1) (thickness 0.15)) (justify mirror))
    )
    (fp_text value SIZ200DT-T1-GE3 (at 0.15 -2.75 90) (layer B.Fab) hide
      (effects (font (size 1 1) (thickness 0.15)) (justify mirror))
    )
    (fp_line (start -1.75 -1.75) (end 1.75 -1.75) (layer B.CrtYd) (width 0.05))
    (fp_line (start 1.75 1.75) (end 1.75 -1.75) (layer B.CrtYd) (width 0.05))
    (fp_line (start -1.75 1.75) (end -1.75 -1.75) (layer B.CrtYd) (width 0.05))
    (fp_line (start -1.75 1.75) (end 1.75 1.75) (layer B.CrtYd) (width 0.05))
    (fp_line (start 1.5 1.8) (end 1.8 1.8) (layer B.SilkS) (width 0.12))
    (fp_line (start 1.8 1.8) (end 1.8 -1.8) (layer B.SilkS) (width 0.12))
    (fp_line (start 1.8 -1.8) (end 1.5 -1.8) (layer B.SilkS) (width 0.12))
    (fp_line (start -1.5 1.8) (end -1.8 1.8) (layer B.SilkS) (width 0.12))
    (fp_line (start -1.8 1.8) (end -1.8 -1.8) (layer B.SilkS) (width 0.12))
    (fp_line (start -1.8 -1.8) (end -1.5 -1.8) (layer B.SilkS) (width 0.12))
    (fp_circle (center -1.25 -2.05) (end -1.195 -2.05) (layer B.SilkS) (width 0.12))
    (fp_line (start -1.65 1.65) (end 1.65 1.65) (layer B.Fab) (width 0.1))
    (fp_line (start 1.65 1.65) (end 1.65 -1.65) (layer B.Fab) (width 0.1))
    (fp_line (start 1.65 -1.65) (end -1.65 -1.65) (layer B.Fab) (width 0.1))
    (fp_line (start -1.65 -1.65) (end -1.65 1.65) (layer B.Fab) (width 0.1))
    (pad "" smd roundrect (at 0.755 -0.66 90) (size 1.25 0.8) (layers B.Paste) (roundrect_rratio 0.2))
    (pad "" smd roundrect (at -0.755 -0.66 90) (size 1.25 0.8) (layers B.Paste) (roundrect_rratio 0.2))
    (pad "" smd roundrect (at -0.755 0.555 90) (size 1.25 0.9) (layers B.Paste) (roundrect_rratio 0.2))
    (pad "" smd roundrect (at 0.755 0.555 90) (size 1.25 0.9) (layers B.Paste) (roundrect_rratio 0.2))
    (pad 1 smd rect (at -0.975 -1.536 90) (size 0.45 0.45) (layers "B.Cu_(sig)" B.Paste B.Mask)
      (net 168 /ESC2_A_GH))
    (pad 2 smd rect (at -0.325 -1.536 90) (size 0.45 0.45) (layers "B.Cu_(sig)" B.Paste B.Mask)
      (net 13 +BATT))
    (pad 2 smd rect (at 0.325 -1.536 90) (size 0.45 0.45) (layers "B.Cu_(sig)" B.Paste B.Mask)
      (net 13 +BATT))
    (pad 2 smd rect (at 0.975 -1.536 90) (size 0.45 0.45) (layers "B.Cu_(sig)" B.Paste B.Mask)
      (net 13 +BATT))
    (pad 2 smd rect (at 0 -0.66 90) (size 2.76 0.9) (layers "B.Cu_(sig)" B.Mask)
      (net 13 +BATT))
    (pad 3 smd rect (at 0 0.555 90) (size 2.76 0.97) (layers "B.Cu_(sig)" B.Mask)
      (net 21 /ESC2_A))
    (pad 4 smd rect (at 0.975 1.536 90) (size 0.45 0.45) (layers "B.Cu_(sig)" B.Paste B.Mask)
      (net 14 GND))
    (pad 4 smd rect (at 0.325 1.536 90) (size 0.45 0.45) (layers "B.Cu_(sig)" B.Paste B.Mask)
      (net 14 GND))
    (pad 4 smd rect (at -0.325 1.536 90) (size 0.45 0.45) (layers "B.Cu_(sig)" B.Paste B.Mask)
      (net 14 GND))
    (pad 5 smd rect (at -0.975 1.536 90) (size 0.45 0.45) (layers "B.Cu_(sig)" B.Paste B.Mask)
      (net 169 /ESC2_A_GL))
    (model ${KISYS3DMOD}/Package_SON.3dshapes/VSON-8_3.3x3.3mm_P0.65mm_NexFET.step
      (at (xyz 0 0 0))
      (scale (xyz 1 1 1))
      (rotate (xyz 0 0 -90))
    )
  )

  (module 11_PSoC_FC_whoop:ESC_Pad_2.0x2.0mm (layer "F.Cu_(sig)") (tedit 5A0F774F) (tstamp 6026BBCF)
    (at 145 89)
    (descr "SMD rectangular pad as test Point, square 2.0mm side length")
    (tags "test point SMD pad rectangle square")
    (path /60B8546B)
    (attr virtual)
    (fp_text reference TP14 (at 0 -1.998) (layer F.SilkS)
      (effects (font (size 1 1) (thickness 0.15)))
    )
    (fp_text value TestPoint_Flag (at 0 2.05) (layer F.Fab)
      (effects (font (size 1 1) (thickness 0.15)))
    )
    (fp_line (start 1.5 1.5) (end -1.5 1.5) (layer F.CrtYd) (width 0.05))
    (fp_line (start 1.5 1.5) (end 1.5 -1.5) (layer F.CrtYd) (width 0.05))
    (fp_line (start -1.5 -1.5) (end -1.5 1.5) (layer F.CrtYd) (width 0.05))
    (fp_line (start -1.5 -1.5) (end 1.5 -1.5) (layer F.CrtYd) (width 0.05))
    (fp_line (start -1.2 1.2) (end -1.2 -1.2) (layer F.SilkS) (width 0.12))
    (fp_line (start 1.2 1.2) (end -1.2 1.2) (layer F.SilkS) (width 0.12))
    (fp_line (start 1.2 -1.2) (end 1.2 1.2) (layer F.SilkS) (width 0.12))
    (fp_line (start -1.2 -1.2) (end 1.2 -1.2) (layer F.SilkS) (width 0.12))
    (fp_text user %R (at 0 -2) (layer F.Fab)
      (effects (font (size 1 1) (thickness 0.15)))
    )
    (pad 1 smd rect (at 0 0) (size 2 2) (layers "F.Cu_(sig)" F.Mask)
      (net 83 /ESC3_C))
  )

  (module 11_PSoC_FC_whoop:ESC_Pad_2.0x2.0mm (layer "F.Cu_(sig)") (tedit 5A0F774F) (tstamp 6026B9D4)
    (at 141.5 89)
    (descr "SMD rectangular pad as test Point, square 2.0mm side length")
    (tags "test point SMD pad rectangle square")
    (path /60B8541B)
    (attr virtual)
