(kicad_pcb (version 20171130) (host pcbnew 5.1.6-c6e7f7d~87~ubuntu18.04.1)

  (general
    (thickness 1.6)
    (drawings 20)
    (tracks 399)
    (zones 0)
    (modules 168)
    (nets 193)
  )

  (page A4)
  (layers
    (0 "F.Cu_(sig)" signal)
    (1 "In1.Cu_(power)" signal)
    (2 "In2.Cu_(gnd)" signal)
    (31 "B.Cu_(sig)" signal)
    (32 B.Adhes user)
    (33 F.Adhes user)
    (34 B.Paste user)
    (35 F.Paste user)
    (36 B.SilkS user hide)
    (37 F.SilkS user hide)
    (38 B.Mask user)
    (39 F.Mask user)
    (40 Dwgs.User user)
    (41 Cmts.User user)
    (42 Eco1.User user)
    (43 Eco2.User user)
    (44 Edge.Cuts user)
    (45 Margin user)
    (46 B.CrtYd user)
    (47 F.CrtYd user)
    (48 B.Fab user hide)
    (49 F.Fab user)
  )

  (setup
    (last_trace_width 0.25)
    (user_trace_width 0.1)
    (user_trace_width 0.1524)
    (user_trace_width 0.2032)
    (user_trace_width 0.254)
    (user_trace_width 0.3048)
    (user_trace_width 0.3556)
    (user_trace_width 0.4064)
    (user_trace_width 0.508)
    (trace_clearance 0.1)
    (zone_clearance 0.1)
    (zone_45_only no)
    (trace_min 0.1)
    (via_size 0.8)
    (via_drill 0.4)
    (via_min_size 0.4)
    (via_min_drill 0.2)
    (user_via 0.4 0.2)
    (user_via 0.5 0.25)
    (user_via 0.6 0.3)
    (user_via 0.8 0.4)
    (uvia_size 0.4)
    (uvia_drill 0.2)
    (uvias_allowed no)
    (uvia_min_size 0.4)
    (uvia_min_drill 0.2)
    (edge_width 0.05)
    (segment_width 0.2)
    (pcb_text_width 0.3)
    (pcb_text_size 1.5 1.5)
    (mod_edge_width 0.12)
    (mod_text_size 0.8 1)
    (mod_text_width 0.12)
    (pad_size 1.524 1.524)
    (pad_drill 0.762)
    (pad_to_mask_clearance 0.051)
    (solder_mask_min_width 0.05)
    (aux_axis_origin 0 0)
    (visible_elements FFFFFF7F)
    (pcbplotparams
      (layerselection 0x010fc_ffffffff)
      (usegerberextensions false)
      (usegerberattributes false)
      (usegerberadvancedattributes false)
      (creategerberjobfile false)
      (excludeedgelayer true)
      (linewidth 0.100000)
      (plotframeref false)
      (viasonmask false)
      (mode 1)
      (useauxorigin false)
      (hpglpennumber 1)
      (hpglpenspeed 20)
      (hpglpendiameter 15.000000)
      (psnegative false)
      (psa4output false)
      (plotreference true)
      (plotvalue true)
      (plotinvisibletext false)
      (padsonsilk false)
      (subtractmaskfromsilk false)
      (outputformat 1)
      (mirror false)
      (drillshape 1)
      (scaleselection 1)
      (outputdirectory ""))
  )

  (net 0 "")
  (net 1 "Net-(U1-Pad1)")
  (net 2 "Net-(U1-Pad28)")
  (net 3 "Net-(U1-Pad7)")
  (net 4 "Net-(U1-Pad25)")
  (net 5 "Net-(U1-Pad12)")
  (net 6 "Net-(U1-Pad11)")
  (net 7 "Net-(U1-Pad10)")
  (net 8 "Net-(U1-Pad6)")
  (net 9 "Net-(U1-Pad5)")
  (net 10 "Net-(U1-Pad2)")
  (net 11 "Net-(C1-Pad2)")
  (net 12 +5V)
  (net 13 +BATT)
  (net 14 GND)
  (net 15 /ESC1_A)
  (net 16 "Net-(C2-Pad2)")
  (net 17 /ESC1_B)
  (net 18 "Net-(C3-Pad2)")
  (net 19 /ESC1_C)
  (net 20 "Net-(C8-Pad2)")
  (net 21 /ESC2_A)
  (net 22 "Net-(C10-Pad2)")
  (net 23 /ESC2_B)
  (net 24 "Net-(C12-Pad2)")
  (net 25 /ESC2_C)
  (net 26 "Net-(RN5-Pad4)")
  (net 27 "Net-(RN5-Pad3)")
  (net 28 "Net-(RN5-Pad2)")
  (net 29 "Net-(RN5-Pad1)")
  (net 30 "Net-(C13-Pad2)")
  (net 31 "Net-(C15-Pad2)")
  (net 32 "Net-(C17-Pad2)")
  (net 33 +3V3)
  (net 34 /IBat)
  (net 35 "Net-(L1-Pad2)")
  (net 36 "Net-(L1-Pad1)")
  (net 37 "Net-(R1-Pad2)")
  (net 38 "Net-(R1-Pad3)")
  (net 39 "Net-(R2-Pad2)")
  (net 40 "Net-(U14-Pad2)")
  (net 41 /ESC1_A_EN)
  (net 42 /ESC1_A_PWM)
  (net 43 /ESC1_B_EN)
  (net 44 /ESC1_B_PWM)
  (net 45 /ESC1_C_EN)
  (net 46 /ESC1_C_PWM)
  (net 47 /ESC2_A_EN)
  (net 48 /ESC2_A_PWM)
  (net 49 /ESC2_B_EN)
  (net 50 /ESC2_B_PWM)
  (net 51 /ESC2_C_EN)
  (net 52 /ESC2_C_PWM)
  (net 53 /ESC1_MC)
  (net 54 /ESC1_MA)
  (net 55 /ESC1_IN)
  (net 56 /ESC1_MB)
  (net 57 /ESC1_Y)
  (net 58 /ESCx_tele)
  (net 59 "Net-(R1-Pad4)")
  (net 60 /ESC1_SWDCLK)
  (net 61 /ESC1_SWDIO)
  (net 62 /ESC2_Y)
  (net 63 "Net-(U17-Pad1)")
  (net 64 "Net-(U17-Pad28)")
  (net 65 "Net-(U17-Pad22)")
  (net 66 /ESC2_SWDCLK)
  (net 67 "Net-(U17-Pad7)")
  (net 68 /ESC2_MC)
  (net 69 /ESC2_MA)
  (net 70 "Net-(U17-Pad25)")
  (net 71 /ESC2_IN)
  (net 72 /ESC2_MB)
  (net 73 /ESC2_SWDIO)
  (net 74 "Net-(U17-Pad17)")
  (net 75 "Net-(U17-Pad12)")
  (net 76 "Net-(U17-Pad11)")
  (net 77 "Net-(U17-Pad10)")
  (net 78 "Net-(U17-Pad6)")
  (net 79 "Net-(U17-Pad5)")
  (net 80 "Net-(U17-Pad2)")
  (net 81 "Net-(C24-Pad2)")
  (net 82 /ESC4_A)
  (net 83 "Net-(C27-Pad2)")
  (net 84 /ESC4_B)
  (net 85 "Net-(C29-Pad2)")
  (net 86 /ESC4_C)
  (net 87 "Net-(C31-Pad2)")
  (net 88 /ESC3_A)
  (net 89 "Net-(C34-Pad2)")
  (net 90 /ESC3_B)
  (net 91 "Net-(C36-Pad2)")
  (net 92 /ESC3_C)
  (net 93 /ESC4_A_PWM)
  (net 94 /ESC4_B_PWM)
  (net 95 /ESC4_C_PWM)
  (net 96 /ESC3_A_PWM)
  (net 97 /ESC3_B_PWM)
  (net 98 /ESC3_C_PWM)
  (net 99 /ESC4_Y)
  (net 100 /ESC3_Y)
  (net 101 /ESC4_A_EN)
  (net 102 /ESC4_B_EN)
  (net 103 "Net-(U21-Pad1)")
  (net 104 "Net-(U21-Pad28)")
  (net 105 "Net-(U21-Pad22)")
  (net 106 /ESC4_SWDCLK)
  (net 107 "Net-(U21-Pad7)")
  (net 108 /ESC4_MC)
  (net 109 /ESC4_MA)
  (net 110 "Net-(U21-Pad25)")
  (net 111 /ESC4_IN)
  (net 112 /ESC4_MB)
  (net 113 /ESC4_SWDIO)
  (net 114 "Net-(U21-Pad17)")
  (net 115 /ESC4_C_EN)
  (net 116 "Net-(U21-Pad12)")
  (net 117 "Net-(U21-Pad11)")
  (net 118 "Net-(U21-Pad10)")
  (net 119 "Net-(U21-Pad6)")
  (net 120 "Net-(U21-Pad5)")
  (net 121 "Net-(U21-Pad2)")
  (net 122 /ESC3_A_EN)
  (net 123 /ESC3_B_EN)
  (net 124 "Net-(U28-Pad1)")
  (net 125 "Net-(U28-Pad28)")
  (net 126 "Net-(U28-Pad22)")
  (net 127 /ESC3_SWDCLK)
  (net 128 "Net-(U28-Pad7)")
  (net 129 /ESC3_MC)
  (net 130 /ESC3_MA)
  (net 131 "Net-(U28-Pad25)")
  (net 132 /ESC3_IN)
  (net 133 /ESC3_MB)
  (net 134 /ESC3_SWDIO)
  (net 135 "Net-(U28-Pad17)")
  (net 136 /ESC3_C_EN)
  (net 137 "Net-(U28-Pad12)")
  (net 138 "Net-(U28-Pad11)")
  (net 139 "Net-(U28-Pad10)")
  (net 140 "Net-(U28-Pad6)")
  (net 141 "Net-(U28-Pad5)")
  (net 142 "Net-(U28-Pad2)")
  (net 143 /ESC4_A_DRVH)
  (net 144 /ESC4_B_DRVH)
  (net 145 /ESC4_B_GH)
  (net 146 /ESC4_A_GL)
  (net 147 /ESC4_C_DRVL)
  (net 148 /ESC4_B_DRVL)
  (net 149 /ESC4_C_GL)
  (net 150 /ESC4_B_GL)
  (net 151 /ESC4_C_DRVH)
  (net 152 /ESC3_C_DRVL)
  (net 153 /ESC3_C_GL)
  (net 154 /ESC4_C_GH)
  (net 155 /ESC4_A_DRVL)
  (net 156 /ESC4_A_GH)
  (net 157 /ESC3_A_DRVH)
  (net 158 /ESC3_A_DRVL)
  (net 159 /ESC3_A_GH)
  (net 160 /ESC3_A_GL)
  (net 161 /ESC3_B_DRVH)
  (net 162 /ESC3_B_DRVL)
  (net 163 /ESC3_B_GH)
  (net 164 /ESC3_B_GL)
  (net 165 /ESC3_C_DRVH)
  (net 166 /ESC3_C_GH)
  (net 167 /ESC1_A_DRVH)
  (net 168 /ESC1_A_DRVL)
  (net 169 /ESC1_A_GH)
  (net 170 /ESC1_A_GL)
  (net 171 /ESC1_B_DRVH)
  (net 172 /ESC1_B_DRVL)
  (net 173 /ESC1_B_GH)
  (net 174 /ESC1_B_GL)
  (net 175 /ESC1_C_DRVH)
  (net 176 /ESC1_C_DRVL)
  (net 177 /ESC1_C_GH)
  (net 178 /ESC1_C_GL)
  (net 179 /ESC2_A_DRVH)
  (net 180 /ESC2_A_DRVL)
  (net 181 /ESC2_A_GH)
  (net 182 /ESC2_A_GL)
  (net 183 /ESC2_B_DRVH)
  (net 184 /ESC2_B_DRVL)
  (net 185 /ESC2_B_GH)
  (net 186 /ESC2_B_GL)
  (net 187 /ESC2_C_DRVH)
  (net 188 /ESC2_C_DRVL)
  (net 189 /ESC2_C_GH)
  (net 190 /ESC2_C_GL)
  (net 191 "Net-(U1-Pad14)")
  (net 192 "Net-(U1-Pad15)")

  (net_class Default "This is the default net class."
    (clearance 0.1)
    (trace_width 0.25)
    (via_dia 0.8)
    (via_drill 0.4)
    (uvia_dia 0.4)
    (uvia_drill 0.2)
    (add_net +3V3)
    (add_net +5V)
    (add_net +BATT)
    (add_net /ESC1_A)
    (add_net /ESC1_A_DRVH)
    (add_net /ESC1_A_DRVL)
    (add_net /ESC1_A_EN)
    (add_net /ESC1_A_GH)
    (add_net /ESC1_A_GL)
    (add_net /ESC1_A_PWM)
    (add_net /ESC1_B)
    (add_net /ESC1_B_DRVH)
    (add_net /ESC1_B_DRVL)
    (add_net /ESC1_B_EN)
    (add_net /ESC1_B_GH)
    (add_net /ESC1_B_GL)
    (add_net /ESC1_B_PWM)
    (add_net /ESC1_C)
    (add_net /ESC1_C_DRVH)
    (add_net /ESC1_C_DRVL)
    (add_net /ESC1_C_EN)
    (add_net /ESC1_C_GH)
    (add_net /ESC1_C_GL)
    (add_net /ESC1_C_PWM)
    (add_net /ESC1_IN)
    (add_net /ESC1_MA)
    (add_net /ESC1_MB)
    (add_net /ESC1_MC)
    (add_net /ESC1_SWDCLK)
    (add_net /ESC1_SWDIO)
    (add_net /ESC1_Y)
    (add_net /ESC2_A)
    (add_net /ESC2_A_DRVH)
    (add_net /ESC2_A_DRVL)
    (add_net /ESC2_A_EN)
    (add_net /ESC2_A_GH)
    (add_net /ESC2_A_GL)
    (add_net /ESC2_A_PWM)
    (add_net /ESC2_B)
    (add_net /ESC2_B_DRVH)
    (add_net /ESC2_B_DRVL)
    (add_net /ESC2_B_EN)
    (add_net /ESC2_B_GH)
    (add_net /ESC2_B_GL)
    (add_net /ESC2_B_PWM)
    (add_net /ESC2_C)
    (add_net /ESC2_C_DRVH)
    (add_net /ESC2_C_DRVL)
    (add_net /ESC2_C_EN)
    (add_net /ESC2_C_GH)
    (add_net /ESC2_C_GL)
    (add_net /ESC2_C_PWM)
    (add_net /ESC2_IN)
    (add_net /ESC2_MA)
    (add_net /ESC2_MB)
    (add_net /ESC2_MC)
    (add_net /ESC2_SWDCLK)
    (add_net /ESC2_SWDIO)
    (add_net /ESC2_Y)
    (add_net /ESC3_A)
    (add_net /ESC3_A_DRVH)
    (add_net /ESC3_A_DRVL)
    (add_net /ESC3_A_EN)
    (add_net /ESC3_A_GH)
    (add_net /ESC3_A_GL)
    (add_net /ESC3_A_PWM)
    (add_net /ESC3_B)
    (add_net /ESC3_B_DRVH)
    (add_net /ESC3_B_DRVL)
    (add_net /ESC3_B_EN)
    (add_net /ESC3_B_GH)
    (add_net /ESC3_B_GL)
    (add_net /ESC3_B_PWM)
    (add_net /ESC3_C)
    (add_net /ESC3_C_DRVH)
    (add_net /ESC3_C_DRVL)
    (add_net /ESC3_C_EN)
    (add_net /ESC3_C_GH)
    (add_net /ESC3_C_GL)
    (add_net /ESC3_C_PWM)
    (add_net /ESC3_IN)
    (add_net /ESC3_MA)
    (add_net /ESC3_MB)
    (add_net /ESC3_MC)
    (add_net /ESC3_SWDCLK)
    (add_net /ESC3_SWDIO)
    (add_net /ESC3_Y)
    (add_net /ESC4_A)
    (add_net /ESC4_A_DRVH)
    (add_net /ESC4_A_DRVL)
    (add_net /ESC4_A_EN)
    (add_net /ESC4_A_GH)
    (add_net /ESC4_A_GL)
    (add_net /ESC4_A_PWM)
    (add_net /ESC4_B)
    (add_net /ESC4_B_DRVH)
    (add_net /ESC4_B_DRVL)
    (add_net /ESC4_B_EN)
    (add_net /ESC4_B_GH)
    (add_net /ESC4_B_GL)
    (add_net /ESC4_B_PWM)
    (add_net /ESC4_C)
    (add_net /ESC4_C_DRVH)
    (add_net /ESC4_C_DRVL)
    (add_net /ESC4_C_EN)
    (add_net /ESC4_C_GH)
    (add_net /ESC4_C_GL)
    (add_net /ESC4_C_PWM)
    (add_net /ESC4_IN)
    (add_net /ESC4_MA)
    (add_net /ESC4_MB)
    (add_net /ESC4_MC)
    (add_net /ESC4_SWDCLK)
    (add_net /ESC4_SWDIO)
    (add_net /ESC4_Y)
    (add_net /ESCx_tele)
    (add_net /IBat)
    (add_net GND)
    (add_net "Net-(C1-Pad2)")
    (add_net "Net-(C10-Pad2)")
    (add_net "Net-(C12-Pad2)")
    (add_net "Net-(C13-Pad2)")
    (add_net "Net-(C15-Pad2)")
    (add_net "Net-(C17-Pad2)")
    (add_net "Net-(C2-Pad2)")
    (add_net "Net-(C24-Pad2)")
    (add_net "Net-(C27-Pad2)")
    (add_net "Net-(C29-Pad2)")
    (add_net "Net-(C3-Pad2)")
    (add_net "Net-(C31-Pad2)")
    (add_net "Net-(C34-Pad2)")
    (add_net "Net-(C36-Pad2)")
    (add_net "Net-(C8-Pad2)")
    (add_net "Net-(L1-Pad1)")
    (add_net "Net-(L1-Pad2)")
    (add_net "Net-(R1-Pad2)")
    (add_net "Net-(R1-Pad3)")
    (add_net "Net-(R1-Pad4)")
    (add_net "Net-(R2-Pad2)")
    (add_net "Net-(RN5-Pad1)")
    (add_net "Net-(RN5-Pad2)")
    (add_net "Net-(RN5-Pad3)")
    (add_net "Net-(RN5-Pad4)")
    (add_net "Net-(U1-Pad1)")
    (add_net "Net-(U1-Pad10)")
    (add_net "Net-(U1-Pad11)")
    (add_net "Net-(U1-Pad12)")
    (add_net "Net-(U1-Pad14)")
    (add_net "Net-(U1-Pad15)")
    (add_net "Net-(U1-Pad2)")
    (add_net "Net-(U1-Pad25)")
    (add_net "Net-(U1-Pad28)")
    (add_net "Net-(U1-Pad5)")
    (add_net "Net-(U1-Pad6)")
    (add_net "Net-(U1-Pad7)")
    (add_net "Net-(U14-Pad2)")
    (add_net "Net-(U17-Pad1)")
    (add_net "Net-(U17-Pad10)")
    (add_net "Net-(U17-Pad11)")
    (add_net "Net-(U17-Pad12)")
    (add_net "Net-(U17-Pad17)")
    (add_net "Net-(U17-Pad2)")
    (add_net "Net-(U17-Pad22)")
    (add_net "Net-(U17-Pad25)")
    (add_net "Net-(U17-Pad28)")
    (add_net "Net-(U17-Pad5)")
    (add_net "Net-(U17-Pad6)")
    (add_net "Net-(U17-Pad7)")
    (add_net "Net-(U21-Pad1)")
    (add_net "Net-(U21-Pad10)")
    (add_net "Net-(U21-Pad11)")
    (add_net "Net-(U21-Pad12)")
    (add_net "Net-(U21-Pad17)")
    (add_net "Net-(U21-Pad2)")
    (add_net "Net-(U21-Pad22)")
    (add_net "Net-(U21-Pad25)")
    (add_net "Net-(U21-Pad28)")
    (add_net "Net-(U21-Pad5)")
    (add_net "Net-(U21-Pad6)")
    (add_net "Net-(U21-Pad7)")
    (add_net "Net-(U28-Pad1)")
    (add_net "Net-(U28-Pad10)")
    (add_net "Net-(U28-Pad11)")
    (add_net "Net-(U28-Pad12)")
    (add_net "Net-(U28-Pad17)")
    (add_net "Net-(U28-Pad2)")
    (add_net "Net-(U28-Pad22)")
    (add_net "Net-(U28-Pad25)")
    (add_net "Net-(U28-Pad28)")
    (add_net "Net-(U28-Pad5)")
    (add_net "Net-(U28-Pad6)")
    (add_net "Net-(U28-Pad7)")
  )

  (module 11_PSoC_FC_whoop:C_0805_2012Metric_dense (layer "F.Cu_(sig)") (tedit 6015C5A5) (tstamp 601C7ABF)
    (at 132.7 82.8)
    (descr "Capacitor SMD 0805 (2012 Metric), square (rectangular) end terminal, IPC_7351 nominal, (Body size source: https://docs.google.com/spreadsheets/d/1BsfQQcO9C6DZCsRaXUlFlo91Tg2WpOkGARC1WS5S8t0/edit?usp=sharing), generated with kicad-footprint-generator")
    (tags capacitor)
    (attr smd)
    (fp_text reference REF** (at 0 -1.65) (layer F.SilkS)
      (effects (font (size 1 1) (thickness 0.15)))
    )
    (fp_text value C_0805_2012Metric_dense (at 0 1.65) (layer F.Fab)
      (effects (font (size 1 1) (thickness 0.15)))
    )
    (fp_line (start 1.6 0.85) (end -1.6 0.85) (layer F.CrtYd) (width 0.05))
    (fp_line (start 1.6 -0.85) (end 1.6 0.85) (layer F.CrtYd) (width 0.05))
    (fp_line (start -1.6 -0.85) (end 1.6 -0.85) (layer F.CrtYd) (width 0.05))
    (fp_line (start -1.6 0.85) (end -1.6 -0.85) (layer F.CrtYd) (width 0.05))
    (fp_line (start -0.258578 0.71) (end 0.258578 0.71) (layer F.SilkS) (width 0.12))
    (fp_line (start -0.258578 -0.71) (end 0.258578 -0.71) (layer F.SilkS) (width 0.12))
    (fp_line (start 1 0.6) (end -1 0.6) (layer F.Fab) (width 0.1))
    (fp_line (start 1 -0.6) (end 1 0.6) (layer F.Fab) (width 0.1))
    (fp_line (start -1 -0.6) (end 1 -0.6) (layer F.Fab) (width 0.1))
    (fp_line (start -1 0.6) (end -1 -0.6) (layer F.Fab) (width 0.1))
    (fp_text user %R (at 0 0) (layer F.Fab)
      (effects (font (size 0.5 0.5) (thickness 0.08)))
    )
    (pad 2 smd roundrect (at 0.9375 0) (size 0.975 1.4) (layers "F.Cu_(sig)" F.Paste F.Mask) (roundrect_rratio 0.25))
    (pad 1 smd roundrect (at -0.9375 0) (size 0.975 1.4) (layers "F.Cu_(sig)" F.Paste F.Mask) (roundrect_rratio 0.25))
    (model ${KISYS3DMOD}/Capacitor_SMD.3dshapes/C_0805_2012Metric.wrl
      (at (xyz 0 0 0))
      (scale (xyz 1 1 1))
      (rotate (xyz 0 0 0))
    )
  )

  (module 11_PSoC_FC_whoop:C_0805_2012Metric_dense (layer "F.Cu_(sig)") (tedit 6015C5A5) (tstamp 601C8940)
    (at 142.6 82.8)
    (descr "Capacitor SMD 0805 (2012 Metric), square (rectangular) end terminal, IPC_7351 nominal, (Body size source: https://docs.google.com/spreadsheets/d/1BsfQQcO9C6DZCsRaXUlFlo91Tg2WpOkGARC1WS5S8t0/edit?usp=sharing), generated with kicad-footprint-generator")
    (tags capacitor)
    (attr smd)
    (fp_text reference REF** (at 0 -1.65) (layer F.SilkS)
      (effects (font (size 1 1) (thickness 0.15)))
    )
    (fp_text value C_0805_2012Metric_dense (at 0 1.65) (layer F.Fab)
      (effects (font (size 1 1) (thickness 0.15)))
    )
    (fp_line (start -1 0.6) (end -1 -0.6) (layer F.Fab) (width 0.1))
    (fp_line (start -1 -0.6) (end 1 -0.6) (layer F.Fab) (width 0.1))
    (fp_line (start 1 -0.6) (end 1 0.6) (layer F.Fab) (width 0.1))
    (fp_line (start 1 0.6) (end -1 0.6) (layer F.Fab) (width 0.1))
    (fp_line (start -0.258578 -0.71) (end 0.258578 -0.71) (layer F.SilkS) (width 0.12))
    (fp_line (start -0.258578 0.71) (end 0.258578 0.71) (layer F.SilkS) (width 0.12))
    (fp_line (start -1.6 0.85) (end -1.6 -0.85) (layer F.CrtYd) (width 0.05))
    (fp_line (start -1.6 -0.85) (end 1.6 -0.85) (layer F.CrtYd) (width 0.05))
    (fp_line (start 1.6 -0.85) (end 1.6 0.85) (layer F.CrtYd) (width 0.05))
    (fp_line (start 1.6 0.85) (end -1.6 0.85) (layer F.CrtYd) (width 0.05))
    (fp_text user %R (at 0 0) (layer F.Fab)
      (effects (font (size 0.5 0.5) (thickness 0.08)))
    )
    (pad 1 smd roundrect (at -0.9375 0) (size 0.975 1.4) (layers "F.Cu_(sig)" F.Paste F.Mask) (roundrect_rratio 0.25))
    (pad 2 smd roundrect (at 0.9375 0) (size 0.975 1.4) (layers "F.Cu_(sig)" F.Paste F.Mask) (roundrect_rratio 0.25))
    (model ${KISYS3DMOD}/Capacitor_SMD.3dshapes/C_0805_2012Metric.wrl
      (at (xyz 0 0 0))
      (scale (xyz 1 1 1))
      (rotate (xyz 0 0 0))
    )
  )

  (module 11_PSoC_FC_whoop:C_0805_2012Metric_dense (layer "F.Cu_(sig)") (tedit 6015C5A5) (tstamp 601C7A9F)
    (at 129.4 82.8)
    (descr "Capacitor SMD 0805 (2012 Metric), square (rectangular) end terminal, IPC_7351 nominal, (Body size source: https://docs.google.com/spreadsheets/d/1BsfQQcO9C6DZCsRaXUlFlo91Tg2WpOkGARC1WS5S8t0/edit?usp=sharing), generated with kicad-footprint-generator")
    (tags capacitor)
    (attr smd)
    (fp_text reference REF** (at 0 -1.65) (layer F.SilkS)
      (effects (font (size 1 1) (thickness 0.15)))
    )
    (fp_text value C_0805_2012Metric_dense (at 0 1.65) (layer F.Fab)
      (effects (font (size 1 1) (thickness 0.15)))
    )
    (fp_line (start 1.6 0.85) (end -1.6 0.85) (layer F.CrtYd) (width 0.05))
    (fp_line (start 1.6 -0.85) (end 1.6 0.85) (layer F.CrtYd) (width 0.05))
    (fp_line (start -1.6 -0.85) (end 1.6 -0.85) (layer F.CrtYd) (width 0.05))
    (fp_line (start -1.6 0.85) (end -1.6 -0.85) (layer F.CrtYd) (width 0.05))
    (fp_line (start -0.258578 0.71) (end 0.258578 0.71) (layer F.SilkS) (width 0.12))
    (fp_line (start -0.258578 -0.71) (end 0.258578 -0.71) (layer F.SilkS) (width 0.12))
    (fp_line (start 1 0.6) (end -1 0.6) (layer F.Fab) (width 0.1))
    (fp_line (start 1 -0.6) (end 1 0.6) (layer F.Fab) (width 0.1))
    (fp_line (start -1 -0.6) (end 1 -0.6) (layer F.Fab) (width 0.1))
    (fp_line (start -1 0.6) (end -1 -0.6) (layer F.Fab) (width 0.1))
    (fp_text user %R (at 0 0) (layer F.Fab)
      (effects (font (size 0.5 0.5) (thickness 0.08)))
    )
    (pad 2 smd roundrect (at 0.9375 0) (size 0.975 1.4) (layers "F.Cu_(sig)" F.Paste F.Mask) (roundrect_rratio 0.25))
    (pad 1 smd roundrect (at -0.9375 0) (size 0.975 1.4) (layers "F.Cu_(sig)" F.Paste F.Mask) (roundrect_rratio 0.25))
    (model ${KISYS3DMOD}/Capacitor_SMD.3dshapes/C_0805_2012Metric.wrl
      (at (xyz 0 0 0))
      (scale (xyz 1 1 1))
      (rotate (xyz 0 0 0))
    )
  )

  (module 11_PSoC_FC_whoop:C_0805_2012Metric_dense (layer "F.Cu_(sig)") (tedit 6015C5A5) (tstamp 601C7A8F)
    (at 139.3 82.8)
    (descr "Capacitor SMD 0805 (2012 Metric), square (rectangular) end terminal, IPC_7351 nominal, (Body size source: https://docs.google.com/spreadsheets/d/1BsfQQcO9C6DZCsRaXUlFlo91Tg2WpOkGARC1WS5S8t0/edit?usp=sharing), generated with kicad-footprint-generator")
    (tags capacitor)
    (attr smd)
    (fp_text reference REF** (at 0 -1.65) (layer F.SilkS)
      (effects (font (size 1 1) (thickness 0.15)))
    )
    (fp_text value C_0805_2012Metric_dense (at 0 1.65) (layer F.Fab)
      (effects (font (size 1 1) (thickness 0.15)))
    )
    (fp_line (start -1 0.6) (end -1 -0.6) (layer F.Fab) (width 0.1))
    (fp_line (start -1 -0.6) (end 1 -0.6) (layer F.Fab) (width 0.1))
    (fp_line (start 1 -0.6) (end 1 0.6) (layer F.Fab) (width 0.1))
    (fp_line (start 1 0.6) (end -1 0.6) (layer F.Fab) (width 0.1))
    (fp_line (start -0.258578 -0.71) (end 0.258578 -0.71) (layer F.SilkS) (width 0.12))
    (fp_line (start -0.258578 0.71) (end 0.258578 0.71) (layer F.SilkS) (width 0.12))
    (fp_line (start -1.6 0.85) (end -1.6 -0.85) (layer F.CrtYd) (width 0.05))
    (fp_line (start -1.6 -0.85) (end 1.6 -0.85) (layer F.CrtYd) (width 0.05))
    (fp_line (start 1.6 -0.85) (end 1.6 0.85) (layer F.CrtYd) (width 0.05))
    (fp_line (start 1.6 0.85) (end -1.6 0.85) (layer F.CrtYd) (width 0.05))
    (fp_text user %R (at 0 0) (layer F.Fab)
      (effects (font (size 0.5 0.5) (thickness 0.08)))
    )
    (pad 1 smd roundrect (at -0.9375 0) (size 0.975 1.4) (layers "F.Cu_(sig)" F.Paste F.Mask) (roundrect_rratio 0.25))
    (pad 2 smd roundrect (at 0.9375 0) (size 0.975 1.4) (layers "F.Cu_(sig)" F.Paste F.Mask) (roundrect_rratio 0.25))
    (model ${KISYS3DMOD}/Capacitor_SMD.3dshapes/C_0805_2012Metric.wrl
      (at (xyz 0 0 0))
      (scale (xyz 1 1 1))
      (rotate (xyz 0 0 0))
    )
  )

  (module 11_PSoC_FC_whoop:C_0805_2012Metric_dense (layer "F.Cu_(sig)") (tedit 6015C5A5) (tstamp 601C7A7F)
    (at 136 82.8)
    (descr "Capacitor SMD 0805 (2012 Metric), square (rectangular) end terminal, IPC_7351 nominal, (Body size source: https://docs.google.com/spreadsheets/d/1BsfQQcO9C6DZCsRaXUlFlo91Tg2WpOkGARC1WS5S8t0/edit?usp=sharing), generated with kicad-footprint-generator")
    (tags capacitor)
    (attr smd)
    (fp_text reference REF** (at 0 -1.65) (layer F.SilkS)
      (effects (font (size 1 1) (thickness 0.15)))
    )
    (fp_text value C_0805_2012Metric_dense (at 0 1.65) (layer F.Fab)
      (effects (font (size 1 1) (thickness 0.15)))
    )
    (fp_line (start 1.6 0.85) (end -1.6 0.85) (layer F.CrtYd) (width 0.05))
    (fp_line (start 1.6 -0.85) (end 1.6 0.85) (layer F.CrtYd) (width 0.05))
    (fp_line (start -1.6 -0.85) (end 1.6 -0.85) (layer F.CrtYd) (width 0.05))
    (fp_line (start -1.6 0.85) (end -1.6 -0.85) (layer F.CrtYd) (width 0.05))
    (fp_line (start -0.258578 0.71) (end 0.258578 0.71) (layer F.SilkS) (width 0.12))
    (fp_line (start -0.258578 -0.71) (end 0.258578 -0.71) (layer F.SilkS) (width 0.12))
    (fp_line (start 1 0.6) (end -1 0.6) (layer F.Fab) (width 0.1))
    (fp_line (start 1 -0.6) (end 1 0.6) (layer F.Fab) (width 0.1))
    (fp_line (start -1 -0.6) (end 1 -0.6) (layer F.Fab) (width 0.1))
    (fp_line (start -1 0.6) (end -1 -0.6) (layer F.Fab) (width 0.1))
    (fp_text user %R (at 0 0) (layer F.Fab)
      (effects (font (size 0.5 0.5) (thickness 0.08)))
    )
    (pad 2 smd roundrect (at 0.9375 0) (size 0.975 1.4) (layers "F.Cu_(sig)" F.Paste F.Mask) (roundrect_rratio 0.25))
    (pad 1 smd roundrect (at -0.9375 0) (size 0.975 1.4) (layers "F.Cu_(sig)" F.Paste F.Mask) (roundrect_rratio 0.25))
    (model ${KISYS3DMOD}/Capacitor_SMD.3dshapes/C_0805_2012Metric.wrl
      (at (xyz 0 0 0))
      (scale (xyz 1 1 1))
      (rotate (xyz 0 0 0))
    )
  )

  (module Resistor_SMD:R_1206_3216Metric (layer "B.Cu_(sig)") (tedit 5B301BBD) (tstamp 6019455E)
    (at 146.3 71.5 270)
    (descr "Resistor SMD 1206 (3216 Metric), square (rectangular) end terminal, IPC_7351 nominal, (Body size source: http://www.tortai-tech.com/upload/download/2011102023233369053.pdf), generated with kicad-footprint-generator")
    (tags resistor)
    (attr smd)
    (fp_text reference REF** (at 0 2.62 270) (layer B.SilkS)
      (effects (font (size 1 1) (thickness 0.15)) (justify mirror))
    )
    (fp_text value R_1206_3216Metric (at 0 -2.62 270) (layer B.Fab)
      (effects (font (size 1 1) (thickness 0.15)) (justify mirror))
    )
    (fp_line (start 2.28 -1.12) (end -2.28 -1.12) (layer B.CrtYd) (width 0.05))
    (fp_line (start 2.28 1.12) (end 2.28 -1.12) (layer B.CrtYd) (width 0.05))
    (fp_line (start -2.28 1.12) (end 2.28 1.12) (layer B.CrtYd) (width 0.05))
    (fp_line (start -2.28 -1.12) (end -2.28 1.12) (layer B.CrtYd) (width 0.05))
    (fp_line (start -0.602064 -0.91) (end 0.602064 -0.91) (layer B.SilkS) (width 0.12))
    (fp_line (start -0.602064 0.91) (end 0.602064 0.91) (layer B.SilkS) (width 0.12))
    (fp_line (start 1.6 -0.8) (end -1.6 -0.8) (layer B.Fab) (width 0.1))
    (fp_line (start 1.6 0.8) (end 1.6 -0.8) (layer B.Fab) (width 0.1))
    (fp_line (start -1.6 0.8) (end 1.6 0.8) (layer B.Fab) (width 0.1))
    (fp_line (start -1.6 -0.8) (end -1.6 0.8) (layer B.Fab) (width 0.1))
    (fp_text user %R (at 0 0 270) (layer B.Fab)
      (effects (font (size 1 1) (thickness 0.15)) (justify mirror))
    )
    (pad 2 smd roundrect (at 1.4 0 270) (size 1.25 1.75) (layers "B.Cu_(sig)" B.Paste B.Mask) (roundrect_rratio 0.2))
    (pad 1 smd roundrect (at -1.4 0 270) (size 1.25 1.75) (layers "B.Cu_(sig)" B.Paste B.Mask) (roundrect_rratio 0.2))
    (model ${KIPRJMOD}/mod/HCS1206_L500_stp.stp
      (offset (xyz -1.6 0.825 0))
      (scale (xyz 1 1 1))
      (rotate (xyz -90 0 0))
    )
  )

  (module 11_PSoC_FC_whoop:C_0805_2012Metric_dense (layer "F.Cu_(sig)") (tedit 6015C5A5) (tstamp 6019D192)
    (at 129.4 67.2)
    (descr "Capacitor SMD 0805 (2012 Metric), square (rectangular) end terminal, IPC_7351 nominal, (Body size source: https://docs.google.com/spreadsheets/d/1BsfQQcO9C6DZCsRaXUlFlo91Tg2WpOkGARC1WS5S8t0/edit?usp=sharing), generated with kicad-footprint-generator")
    (tags capacitor)
    (attr smd)
    (fp_text reference REF** (at 0 -1.65) (layer F.SilkS)
      (effects (font (size 1 1) (thickness 0.15)))
    )
    (fp_text value C_0805_2012Metric_dense (at 0 1.65) (layer F.Fab)
      (effects (font (size 1 1) (thickness 0.15)))
    )
    (fp_line (start -1 0.6) (end -1 -0.6) (layer F.Fab) (width 0.1))
    (fp_line (start -1 -0.6) (end 1 -0.6) (layer F.Fab) (width 0.1))
    (fp_line (start 1 -0.6) (end 1 0.6) (layer F.Fab) (width 0.1))
    (fp_line (start 1 0.6) (end -1 0.6) (layer F.Fab) (width 0.1))
    (fp_line (start -0.258578 -0.71) (end 0.258578 -0.71) (layer F.SilkS) (width 0.12))
    (fp_line (start -0.258578 0.71) (end 0.258578 0.71) (layer F.SilkS) (width 0.12))
    (fp_line (start -1.6 0.85) (end -1.6 -0.85) (layer F.CrtYd) (width 0.05))
    (fp_line (start -1.6 -0.85) (end 1.6 -0.85) (layer F.CrtYd) (width 0.05))
    (fp_line (start 1.6 -0.85) (end 1.6 0.85) (layer F.CrtYd) (width 0.05))
    (fp_line (start 1.6 0.85) (end -1.6 0.85) (layer F.CrtYd) (width 0.05))
    (fp_text user %R (at 0 0) (layer F.Fab)
      (effects (font (size 0.5 0.5) (thickness 0.08)))
    )
    (pad 1 smd roundrect (at -0.9375 0) (size 0.975 1.4) (layers "F.Cu_(sig)" F.Paste F.Mask) (roundrect_rratio 0.25))
    (pad 2 smd roundrect (at 0.9375 0) (size 0.975 1.4) (layers "F.Cu_(sig)" F.Paste F.Mask) (roundrect_rratio 0.25))
    (model ${KISYS3DMOD}/Capacitor_SMD.3dshapes/C_0805_2012Metric.wrl
      (at (xyz 0 0 0))
      (scale (xyz 1 1 1))
      (rotate (xyz 0 0 0))
    )
  )

  (module 11_PSoC_FC_whoop:C_0805_2012Metric_dense (layer "F.Cu_(sig)") (tedit 6015C5A5) (tstamp 6019D151)
    (at 136 67.2)
    (descr "Capacitor SMD 0805 (2012 Metric), square (rectangular) end terminal, IPC_7351 nominal, (Body size source: https://docs.google.com/spreadsheets/d/1BsfQQcO9C6DZCsRaXUlFlo91Tg2WpOkGARC1WS5S8t0/edit?usp=sharing), generated with kicad-footprint-generator")
    (tags capacitor)
    (attr smd)
    (fp_text reference REF** (at 0 -1.65) (layer F.SilkS)
      (effects (font (size 1 1) (thickness 0.15)))
    )
    (fp_text value C_0805_2012Metric_dense (at 0 1.65) (layer F.Fab)
      (effects (font (size 1 1) (thickness 0.15)))
    )
    (fp_line (start -1 0.6) (end -1 -0.6) (layer F.Fab) (width 0.1))
    (fp_line (start -1 -0.6) (end 1 -0.6) (layer F.Fab) (width 0.1))
    (fp_line (start 1 -0.6) (end 1 0.6) (layer F.Fab) (width 0.1))
    (fp_line (start 1 0.6) (end -1 0.6) (layer F.Fab) (width 0.1))
    (fp_line (start -0.258578 -0.71) (end 0.258578 -0.71) (layer F.SilkS) (width 0.12))
    (fp_line (start -0.258578 0.71) (end 0.258578 0.71) (layer F.SilkS) (width 0.12))
    (fp_line (start -1.6 0.85) (end -1.6 -0.85) (layer F.CrtYd) (width 0.05))
    (fp_line (start -1.6 -0.85) (end 1.6 -0.85) (layer F.CrtYd) (width 0.05))
    (fp_line (start 1.6 -0.85) (end 1.6 0.85) (layer F.CrtYd) (width 0.05))
    (fp_line (start 1.6 0.85) (end -1.6 0.85) (layer F.CrtYd) (width 0.05))
    (fp_text user %R (at 0 0) (layer F.Fab)
      (effects (font (size 0.5 0.5) (thickness 0.08)))
    )
    (pad 1 smd roundrect (at -0.9375 0) (size 0.975 1.4) (layers "F.Cu_(sig)" F.Paste F.Mask) (roundrect_rratio 0.25))
    (pad 2 smd roundrect (at 0.9375 0) (size 0.975 1.4) (layers "F.Cu_(sig)" F.Paste F.Mask) (roundrect_rratio 0.25))
    (model ${KISYS3DMOD}/Capacitor_SMD.3dshapes/C_0805_2012Metric.wrl
      (at (xyz 0 0 0))
      (scale (xyz 1 1 1))
      (rotate (xyz 0 0 0))
    )
  )

  (module 11_PSoC_FC_whoop:C_0805_2012Metric_dense (layer "F.Cu_(sig)") (tedit 6015C5A5) (tstamp 6019D110)
    (at 132.7 67.2)
    (descr "Capacitor SMD 0805 (2012 Metric), square (rectangular) end terminal, IPC_7351 nominal, (Body size source: https://docs.google.com/spreadsheets/d/1BsfQQcO9C6DZCsRaXUlFlo91Tg2WpOkGARC1WS5S8t0/edit?usp=sharing), generated with kicad-footprint-generator")
    (tags capacitor)
    (attr smd)
    (fp_text reference REF** (at 0 -1.65) (layer F.SilkS)
      (effects (font (size 1 1) (thickness 0.15)))
    )
    (fp_text value C_0805_2012Metric_dense (at 0 1.65) (layer F.Fab)
      (effects (font (size 1 1) (thickness 0.15)))
    )
    (fp_line (start -1 0.6) (end -1 -0.6) (layer F.Fab) (width 0.1))
    (fp_line (start -1 -0.6) (end 1 -0.6) (layer F.Fab) (width 0.1))
    (fp_line (start 1 -0.6) (end 1 0.6) (layer F.Fab) (width 0.1))
    (fp_line (start 1 0.6) (end -1 0.6) (layer F.Fab) (width 0.1))
    (fp_line (start -0.258578 -0.71) (end 0.258578 -0.71) (layer F.SilkS) (width 0.12))
    (fp_line (start -0.258578 0.71) (end 0.258578 0.71) (layer F.SilkS) (width 0.12))
    (fp_line (start -1.6 0.85) (end -1.6 -0.85) (layer F.CrtYd) (width 0.05))
    (fp_line (start -1.6 -0.85) (end 1.6 -0.85) (layer F.CrtYd) (width 0.05))
    (fp_line (start 1.6 -0.85) (end 1.6 0.85) (layer F.CrtYd) (width 0.05))
    (fp_line (start 1.6 0.85) (end -1.6 0.85) (layer F.CrtYd) (width 0.05))
    (fp_text user %R (at 0 0) (layer F.Fab)
      (effects (font (size 0.5 0.5) (thickness 0.08)))
    )
    (pad 1 smd roundrect (at -0.9375 0) (size 0.975 1.4) (layers "F.Cu_(sig)" F.Paste F.Mask) (roundrect_rratio 0.25))
    (pad 2 smd roundrect (at 0.9375 0) (size 0.975 1.4) (layers "F.Cu_(sig)" F.Paste F.Mask) (roundrect_rratio 0.25))
    (model ${KISYS3DMOD}/Capacitor_SMD.3dshapes/C_0805_2012Metric.wrl
      (at (xyz 0 0 0))
      (scale (xyz 1 1 1))
      (rotate (xyz 0 0 0))
    )
  )

  (module 11_PSoC_FC_whoop:C_0805_2012Metric_dense (layer "F.Cu_(sig)") (tedit 6015C5A5) (tstamp 6019D0F0)
    (at 139.3 67.2)
    (descr "Capacitor SMD 0805 (2012 Metric), square (rectangular) end terminal, IPC_7351 nominal, (Body size source: https://docs.google.com/spreadsheets/d/1BsfQQcO9C6DZCsRaXUlFlo91Tg2WpOkGARC1WS5S8t0/edit?usp=sharing), generated with kicad-footprint-generator")
    (tags capacitor)
    (attr smd)
    (fp_text reference REF** (at 0 -1.65) (layer F.SilkS)
      (effects (font (size 1 1) (thickness 0.15)))
    )
    (fp_text value C_0805_2012Metric_dense (at 0 1.65) (layer F.Fab)
      (effects (font (size 1 1) (thickness 0.15)))
    )
    (fp_line (start 1.6 0.85) (end -1.6 0.85) (layer F.CrtYd) (width 0.05))
    (fp_line (start 1.6 -0.85) (end 1.6 0.85) (layer F.CrtYd) (width 0.05))
    (fp_line (start -1.6 -0.85) (end 1.6 -0.85) (layer F.CrtYd) (width 0.05))
    (fp_line (start -1.6 0.85) (end -1.6 -0.85) (layer F.CrtYd) (width 0.05))
    (fp_line (start -0.258578 0.71) (end 0.258578 0.71) (layer F.SilkS) (width 0.12))
    (fp_line (start -0.258578 -0.71) (end 0.258578 -0.71) (layer F.SilkS) (width 0.12))
    (fp_line (start 1 0.6) (end -1 0.6) (layer F.Fab) (width 0.1))
    (fp_line (start 1 -0.6) (end 1 0.6) (layer F.Fab) (width 0.1))
    (fp_line (start -1 -0.6) (end 1 -0.6) (layer F.Fab) (width 0.1))
    (fp_line (start -1 0.6) (end -1 -0.6) (layer F.Fab) (width 0.1))
    (fp_text user %R (at 0 0) (layer F.Fab)
      (effects (font (size 0.5 0.5) (thickness 0.08)))
    )
    (pad 2 smd roundrect (at 0.9375 0) (size 0.975 1.4) (layers "F.Cu_(sig)" F.Paste F.Mask) (roundrect_rratio 0.25))
    (pad 1 smd roundrect (at -0.9375 0) (size 0.975 1.4) (layers "F.Cu_(sig)" F.Paste F.Mask) (roundrect_rratio 0.25))
    (model ${KISYS3DMOD}/Capacitor_SMD.3dshapes/C_0805_2012Metric.wrl
      (at (xyz 0 0 0))
      (scale (xyz 1 1 1))
      (rotate (xyz 0 0 0))
    )
  )

  (module 11_PSoC_FC_whoop:C_0805_2012Metric_dense (layer "F.Cu_(sig)") (tedit 6015C5A5) (tstamp 6019D0D0)
    (at 155.9 62.2)
    (descr "Capacitor SMD 0805 (2012 Metric), square (rectangular) end terminal, IPC_7351 nominal, (Body size source: https://docs.google.com/spreadsheets/d/1BsfQQcO9C6DZCsRaXUlFlo91Tg2WpOkGARC1WS5S8t0/edit?usp=sharing), generated with kicad-footprint-generator")
    (tags capacitor)
    (attr smd)
    (fp_text reference REF** (at 0 -1.65) (layer F.SilkS)
      (effects (font (size 1 1) (thickness 0.15)))
    )
    (fp_text value C_0805_2012Metric_dense (at 0 1.65) (layer F.Fab)
      (effects (font (size 1 1) (thickness 0.15)))
    )
    (fp_line (start -1 0.6) (end -1 -0.6) (layer F.Fab) (width 0.1))
    (fp_line (start -1 -0.6) (end 1 -0.6) (layer F.Fab) (width 0.1))
    (fp_line (start 1 -0.6) (end 1 0.6) (layer F.Fab) (width 0.1))
    (fp_line (start 1 0.6) (end -1 0.6) (layer F.Fab) (width 0.1))
    (fp_line (start -0.258578 -0.71) (end 0.258578 -0.71) (layer F.SilkS) (width 0.12))
    (fp_line (start -0.258578 0.71) (end 0.258578 0.71) (layer F.SilkS) (width 0.12))
    (fp_line (start -1.6 0.85) (end -1.6 -0.85) (layer F.CrtYd) (width 0.05))
    (fp_line (start -1.6 -0.85) (end 1.6 -0.85) (layer F.CrtYd) (width 0.05))
    (fp_line (start 1.6 -0.85) (end 1.6 0.85) (layer F.CrtYd) (width 0.05))
    (fp_line (start 1.6 0.85) (end -1.6 0.85) (layer F.CrtYd) (width 0.05))
    (fp_text user %R (at 0 0) (layer F.Fab)
      (effects (font (size 0.5 0.5) (thickness 0.08)))
    )
    (pad 1 smd roundrect (at -0.9375 0) (size 0.975 1.4) (layers "F.Cu_(sig)" F.Paste F.Mask) (roundrect_rratio 0.25))
    (pad 2 smd roundrect (at 0.9375 0) (size 0.975 1.4) (layers "F.Cu_(sig)" F.Paste F.Mask) (roundrect_rratio 0.25))
    (model ${KISYS3DMOD}/Capacitor_SMD.3dshapes/C_0805_2012Metric.wrl
      (at (xyz 0 0 0))
      (scale (xyz 1 1 1))
      (rotate (xyz 0 0 0))
    )
  )

  (module Resistor_SMD:R_1206_3216Metric (layer "F.Cu_(sig)") (tedit 5B301BBD) (tstamp 601980BC)
    (at 155.7 77)
    (descr "Resistor SMD 1206 (3216 Metric), square (rectangular) end terminal, IPC_7351 nominal, (Body size source: http://www.tortai-tech.com/upload/download/2011102023233369053.pdf), generated with kicad-footprint-generator")
    (tags resistor)
    (attr smd)
    (fp_text reference REF** (at 0 -1.82) (layer F.SilkS)
      (effects (font (size 1 1) (thickness 0.15)))
    )
    (fp_text value R_1206_3216Metric (at 0 1.82) (layer F.Fab)
      (effects (font (size 1 1) (thickness 0.15)))
    )
    (fp_line (start 2.28 1.12) (end -2.28 1.12) (layer F.CrtYd) (width 0.05))
    (fp_line (start 2.28 -1.12) (end 2.28 1.12) (layer F.CrtYd) (width 0.05))
    (fp_line (start -2.28 -1.12) (end 2.28 -1.12) (layer F.CrtYd) (width 0.05))
    (fp_line (start -2.28 1.12) (end -2.28 -1.12) (layer F.CrtYd) (width 0.05))
    (fp_line (start -0.602064 0.91) (end 0.602064 0.91) (layer F.SilkS) (width 0.12))
    (fp_line (start -0.602064 -0.91) (end 0.602064 -0.91) (layer F.SilkS) (width 0.12))
    (fp_line (start 1.6 0.8) (end -1.6 0.8) (layer F.Fab) (width 0.1))
    (fp_line (start 1.6 -0.8) (end 1.6 0.8) (layer F.Fab) (width 0.1))
    (fp_line (start -1.6 -0.8) (end 1.6 -0.8) (layer F.Fab) (width 0.1))
    (fp_line (start -1.6 0.8) (end -1.6 -0.8) (layer F.Fab) (width 0.1))
    (fp_text user %R (at 0 0) (layer F.Fab)
      (effects (font (size 0.8 0.8) (thickness 0.12)))
    )
    (pad 2 smd roundrect (at 1.4 0) (size 1.25 1.75) (layers "F.Cu_(sig)" F.Paste F.Mask) (roundrect_rratio 0.2))
    (pad 1 smd roundrect (at -1.4 0) (size 1.25 1.75) (layers "F.Cu_(sig)" F.Paste F.Mask) (roundrect_rratio 0.2))
    (model ${KIPRJMOD}/mod/HCS1206_L500_stp.stp
      (at (xyz 0 0 0))
      (scale (xyz 1 1 1))
      (rotate (xyz 0 0 0))
    )
  )

  (module 11_PSoC_FC_whoop:C_0805_2012Metric_dense (layer "B.Cu_(sig)") (tedit 6015C5A5) (tstamp 60194258)
    (at 132.7 67.2 180)
    (descr "Capacitor SMD 0805 (2012 Metric), square (rectangular) end terminal, IPC_7351 nominal, (Body size source: https://docs.google.com/spreadsheets/d/1BsfQQcO9C6DZCsRaXUlFlo91Tg2WpOkGARC1WS5S8t0/edit?usp=sharing), generated with kicad-footprint-generator")
    (tags capacitor)
    (attr smd)
    (fp_text reference REF** (at 0 1.65) (layer B.SilkS)
      (effects (font (size 1 1) (thickness 0.15)) (justify mirror))
    )
    (fp_text value C_0805_2012Metric_dense (at 0 -1.65) (layer B.Fab)
      (effects (font (size 1 1) (thickness 0.15)) (justify mirror))
    )
    (fp_line (start 1.6 -0.85) (end -1.6 -0.85) (layer B.CrtYd) (width 0.05))
    (fp_line (start 1.6 0.85) (end 1.6 -0.85) (layer B.CrtYd) (width 0.05))
    (fp_line (start -1.6 0.85) (end 1.6 0.85) (layer B.CrtYd) (width 0.05))
    (fp_line (start -1.6 -0.85) (end -1.6 0.85) (layer B.CrtYd) (width 0.05))
    (fp_line (start -0.258578 -0.71) (end 0.258578 -0.71) (layer B.SilkS) (width 0.12))
    (fp_line (start -0.258578 0.71) (end 0.258578 0.71) (layer B.SilkS) (width 0.12))
    (fp_line (start 1 -0.6) (end -1 -0.6) (layer B.Fab) (width 0.1))
    (fp_line (start 1 0.6) (end 1 -0.6) (layer B.Fab) (width 0.1))
    (fp_line (start -1 0.6) (end 1 0.6) (layer B.Fab) (width 0.1))
    (fp_line (start -1 -0.6) (end -1 0.6) (layer B.Fab) (width 0.1))
    (fp_text user %R (at 0 0) (layer B.Fab)
      (effects (font (size 0.5 0.5) (thickness 0.08)) (justify mirror))
    )
    (pad 2 smd roundrect (at 0.9375 0 180) (size 0.975 1.4) (layers "B.Cu_(sig)" B.Paste B.Mask) (roundrect_rratio 0.25))
    (pad 1 smd roundrect (at -0.9375 0 180) (size 0.975 1.4) (layers "B.Cu_(sig)" B.Paste B.Mask) (roundrect_rratio 0.25))
    (model ${KISYS3DMOD}/Capacitor_SMD.3dshapes/C_0805_2012Metric.wrl
      (at (xyz 0 0 0))
      (scale (xyz 1 1 1))
      (rotate (xyz 0 0 0))
    )
  )

  (module 11_PSoC_FC_whoop:C_0805_2012Metric_dense (layer "B.Cu_(sig)") (tedit 6015C5A5) (tstamp 60194248)
    (at 142.6 67.2)
    (descr "Capacitor SMD 0805 (2012 Metric), square (rectangular) end terminal, IPC_7351 nominal, (Body size source: https://docs.google.com/spreadsheets/d/1BsfQQcO9C6DZCsRaXUlFlo91Tg2WpOkGARC1WS5S8t0/edit?usp=sharing), generated with kicad-footprint-generator")
    (tags capacitor)
    (attr smd)
    (fp_text reference REF** (at 0 1.65) (layer B.SilkS)
      (effects (font (size 1 1) (thickness 0.15)) (justify mirror))
    )
    (fp_text value C_0805_2012Metric_dense (at 0 -1.65) (layer B.Fab)
      (effects (font (size 1 1) (thickness 0.15)) (justify mirror))
    )
    (fp_line (start -1 -0.6) (end -1 0.6) (layer B.Fab) (width 0.1))
    (fp_line (start -1 0.6) (end 1 0.6) (layer B.Fab) (width 0.1))
    (fp_line (start 1 0.6) (end 1 -0.6) (layer B.Fab) (width 0.1))
    (fp_line (start 1 -0.6) (end -1 -0.6) (layer B.Fab) (width 0.1))
    (fp_line (start -0.258578 0.71) (end 0.258578 0.71) (layer B.SilkS) (width 0.12))
    (fp_line (start -0.258578 -0.71) (end 0.258578 -0.71) (layer B.SilkS) (width 0.12))
    (fp_line (start -1.6 -0.85) (end -1.6 0.85) (layer B.CrtYd) (width 0.05))
    (fp_line (start -1.6 0.85) (end 1.6 0.85) (layer B.CrtYd) (width 0.05))
    (fp_line (start 1.6 0.85) (end 1.6 -0.85) (layer B.CrtYd) (width 0.05))
    (fp_line (start 1.6 -0.85) (end -1.6 -0.85) (layer B.CrtYd) (width 0.05))
    (fp_text user %R (at 0 0) (layer B.Fab)
      (effects (font (size 0.5 0.5) (thickness 0.08)) (justify mirror))
    )
    (pad 1 smd roundrect (at -0.9375 0) (size 0.975 1.4) (layers "B.Cu_(sig)" B.Paste B.Mask) (roundrect_rratio 0.25))
    (pad 2 smd roundrect (at 0.9375 0) (size 0.975 1.4) (layers "B.Cu_(sig)" B.Paste B.Mask) (roundrect_rratio 0.25))
    (model ${KISYS3DMOD}/Capacitor_SMD.3dshapes/C_0805_2012Metric.wrl
      (at (xyz 0 0 0))
      (scale (xyz 1 1 1))
      (rotate (xyz 0 0 0))
    )
  )

  (module 11_PSoC_FC_whoop:C_0805_2012Metric_dense (layer "B.Cu_(sig)") (tedit 6015C5A5) (tstamp 6019AF89)
    (at 139.3 67.2)
    (descr "Capacitor SMD 0805 (2012 Metric), square (rectangular) end terminal, IPC_7351 nominal, (Body size source: https://docs.google.com/spreadsheets/d/1BsfQQcO9C6DZCsRaXUlFlo91Tg2WpOkGARC1WS5S8t0/edit?usp=sharing), generated with kicad-footprint-generator")
